1
3000 1000000000 674155958 3000
618 1501
2762 1762
2381 2405
618 1150
1320 1421
2757 2959
896 1170
2402 1835
618 2604
1024 618
1552 618
477 1359
216 1176
1267 259
618 2012
1957 2887
5 1619
2918 1936
1172 1462
2247 2994
2311 1632
425 452
618 1027
1490 1693
2438 332
611 992
1934 2552
2050 2216
1957 1890
821 233
1777 807
618 1663
1250 1161
712 1219
618 2085
1657 2144
424 2634
1809 42
369 618
2208 1655
618 898
1943 1371
1629 1918
598 2197
1716 85
2531 2595
1111 1160
247 618
1318 2300
1892 1134
918 1242
617 2221
1107 1483
638 1769
2388 2291
1390 1277
2605 700
1140 1272
1869 1486
618 2704
1911 698
455 2993
736 1895
618 1060
409 1078
2759 2952
492 2362
980 2606
2310 582
1466 1988
2141 1735
1123 2579
1993 618
2416 2878
707 2610
846 254
361 2278
1993 487
2927 618
55 2334
1322 2425
940 63
883 618
2541 1857
366 2775
782 2026
941 618
1498 2916
2282 1480
2662 1217
38 616
578 2115
1152 2314
1163 618
626 1377
557 1713
618 2382
618 2208
369 2567
1068 135
2798 858
383 2515
2322 204
1928 2377
1887 164
618 1535
2973 462
2752 618
725 618
2848 618
618 1624
2668 2301
2483 818
618 533
2461 2967
1188 887
2457 2526
659 1727
2586 2204
1228 586
2715 2290
712 108
1776 1639
618 40
1737 2806
2626 1572
956 647
1648 1574
343 472
2447 618
1517 2409
131 729
2751 856
378 869
2825 2625
2786 1460
2466 581
2188 2464
1716 2733
2008 2998
902 461
239 937
618 1533
908 1823
1998 782
2117 1730
2527 250
2333 1291
618 626
618 1852
469 1580
618 1239
336 1980
618 2558
985 1585
958 2812
2666 2951
1194 1959
1042 1230
2459 1751
1478 1815
618 2497
1255 159
633 1998
520 1101
1448 170
2018 1214
1360 618
2387 2248
618 1813
2240 618
1451 538
280 2452
62 1409
1438 468
987 2090
1582 106
359 1494
1206 1504
1208 109
1413 2426
2174 618
1503 1969
368 1544
1938 2258
581 2745
618 928
491 1912
1548 2712
2725 618
1179 2316
1971 2518
1898 2405
2923 1728
1818 2910
890 2916
1460 1071
2398 151
2693 2122
504 319
1202 2903
2504 2310
1855 1340
1783 2721
2108 131
2937 2568
203 2917
2767 1951
2790 2615
453 305
1154 2392
618 1987
2882 593
2648 1008
910 609
618 450
1336 1457
2592 708
911 415
1117 449
1568 1301
2205 1557
2140 1491
2917 570
1330 1441
1753 1507
2849 618
484 2794
1167 1251
2570 2878
1946 618
911 2327
618 2810
2574 618
774 1273
2486 2479
2979 1828
1275 982
2788 546
1413 543
1360 2920
618 2869
1097 78
2840 618
1989 506
1103 2684
568 346
851 2800
1592 2298
2501 963
618 2494
1279 1170
1443 2187
1918 2936
1306 618
977 618
545 2265
2047 2134
1397 618
900 618
879 618
951 1632
963 2329
2177 1531
749 9
407 1436
1146 618
1795 54
618 321
614 618
1804 2554
1731 2315
1752 467
394 1151
2079 517
744 1421
120 1837
1280 618
241 7
1600 2624
2297 618
1378 333
2894 1708
2522 1480
618 249
68 618
226 1461
349 2610
1214 1831
2306 1733
539 94
666 1661
589 1963
642 1467
1699 187
2318 618
2592 1084
291 2175
618 1574
2198 615
2535 2793
1164 1476
2744 1202
1107 1938
1900 2034
618 329
152 539
1127 618
2857 2965
1525 761
2745 244
1017 2217
156 2213
1202 2989
1876 2201
1019 618
1871 2988
618 90
737 2616
645 2059
618 1266
2545 2421
2349 2209
739 1616
2989 258
2114 1705
804 1704
2622 2897
618 2292
2695 2412
1644 497
569 2687
1656 2741
2428 596
38 2823
1918 2791
2353 624
1561 2358
1637 618
2298 2239
1125 1509
1422 1318
2081 618
1001 618
2451 1377
2656 618
1161 869
657 1361
1414 618
2449 2828
2746 2313
618 1419
340 1364
2580 2897
735 618
993 618
2790 1041
403 1946
730 2304
2842 2461
2714 114
1978 909
2670 618
2866 2773
2761 1300
1697 1671
1678 458
2647 2514
1919 1305
2940 2070
471 2848
739 1342
2836 2059
2847 502
2058 251
618 2110
1723 1008
2575 2129
2367 618
120 780
2481 1196
1756 2277
2915 831
526 1798
796 2546
880 1059
2456 2162
623 1929
384 618
1356 999
618 628
1826 618
962 1978
444 618
1212 2841
1329 1785
1447 160
610 2891
2591 1947
740 618
540 121
733 368
618 2436
580 2764
1942 2817
1989 985
555 618
2859 316
1580 262
2122 2327
2727 783
15 1635
915 593
927 1179
582 2212
1756 2800
711 1699
452 1833
1395 618
66 618
623 231
647 618
1976 939
1439 736
72 618
499 2600
26 1235
1508 1094
178 2838
2303 1076
2517 2390
2275 2907
2009 1358
129 2641
2725 2612
2030 81
618 2971
2476 618
2824 641
1015 2565
1596 1105
462 1646
618 1317
2776 1320
1717 421
723 597
939 180
1294 1710
290 618
618 273
156 1177
279 1753
697 779
2613 203
57 1499
2556 1844
138 726
1425 2416
1003 618
807 287
457 2554
2054 694
838 1072
1499 1518
2639 618
48 2097
618 2057
1010 2727
2428 2978
873 409
308 1881
443 622
1407 1095
618 1110
1016 2171
1985 2828
2688 1835
1268 618
1758 2563
2034 818
1347 1048
2997 140
1094 556
1297 1148
204 1061
1252 1699
2396 618
2739 2815
618 238
618 1696
2038 1211
852 618
2026 2687
1367 2172
1598 1144
1230 2578
2742 1661
618 630
118 691
2467 278
2342 1509
452 47
1274 626
1043 782
768 1902
618 1674
912 2806
1341 1265
1924 1447
2286 1043
618 1651
807 2258
1376 885
1989 726
618 1083
2654 1193
1140 2360
1027 232
618 1990
237 306
1419 1434
2095 2959
2142 2904
434 2540
695 2656
1152 1190
211 600
991 618
587 520
214 1035
2255 384
2393 2699
2468 493
235 2845
1847 358
2643 1941
924 618
1712 1393
2976 1572
2503 618
767 2747
2722 1440
1814 351
104 330
2235 2769
618 2050
2142 713
1860 2813
1761 1056
618 2972
751 618
1795 1784
528 618
1750 618
1409 2229
1471 350
2363 27
1876 1903
734 1831
934 2998
618 935
2833 678
618 1425
53 2411
2453 572
76 276
451 618
2540 2762
1714 2321
2476 965
2958 337
853 2102
256 2526
527 839
455 618
2067 1530
2006 640
653 2303
2322 660
618 1786
1051 618
1223 380
2368 2828
811 2635
47 368
2418 1371
1372 2625
2671 560
618 2485
1090 931
1993 2743
2123 2713
1546 2857
2832 1331
618 2782
618 356
2585 618
2780 2907
2895 986
1110 1428
2394 618
618 578
1009 266
2950 1831
875 2100
1705 871
2468 231
2929 2089
455 1713
2145 1873
2250 1385
117 389
1902 2855
208 1075
2673 2522
1977 2308
1392 1346
282 2834
1744 700
618 1765
391 2547
1666 1452
1782 2770
1563 774
913 2911
2415 790
848 1430
1732 509
1390 424
2856 2487
618 1573
2948 1803
294 618
2352 1380
445 1855
1958 624
416 618
2706 2314
1496 2843
1217 822
2492 1834
2159 1019
2206 1901
1933 134
1446 28
343 870
1757 2745
2499 1303
2696 1928
618 87
1848 2027
2185 1509
1609 1234
631 119
431 479
233 2637
631 1692
452 2371
960 2598
36 1231
305 618
1496 2627
402 222
618 2825
2111 548
2851 1581
674 1874
1071 1948
821 2407
2623 1627
1484 2306
723 1232
2977 1195
723 1608
382 1109
2308 674
1494 2533
1219 507
2149 1378
2320 2609
1463 618
2265 618
618 2590
2359 534
618 2140
153 839
2469 2493
2587 2593
1366 2364
605 618
2218 2309
753 499
2426 582
2684 2947
1508 679
618 419
2809 106
1311 2069
720 618
1465 618
1825 737
911 771
2460 618
142 1370
2456 1515
2791 1794
618 264
2887 2911
1702 2807
1410 1520
278 293
1293 672
1363 546
733 691
2900 462
564 1497
563 2703
2996 2237
2343 1833
2906 618
1305 1575
2046 2841
1603 1368
690 1687
618 2851
1965 2332
2284 618
1472 2153
618 1374
3000 1630
122 1431
754 1507
1641 2667
2930 500
732 2931
1826 1022
122 2148
2381 1547
1856 1529
618 792
963 2220
1276 786
2734 2774
2039 828
245 1601
184 1438
896 2234
1836 618
618 876
1744 225
618 905
556 1139
2262 1984
1268 2376
2783 618
92 1768
964 1564
1605 2755
627 531
286 1147
847 761
850 570
1460 370
2338 2777
1063 618
2093 618
15 103
2620 2862
2854 915
269 2577
2135 1614
641 2338
2639 303
410 2146
2203 257
848 618
446 1535
1632 835
551 2240
1393 1570
296 618
2335 535
1083 105
618 1979
1559 2077
298 15
776 434
2278 74
2909 842
930 618
2547 2754
2756 1220
74 322
2446 910
1660 1690
618 919
1265 1220
2452 2475
2672 1120
350 618
319 128
2776 2317
967 1558
272 618
330 1944
1612 1611
665 2676
2075 185
1594 1060
618 2288
2741 1650
2310 2129
1537 2741
2186 1946
2132 1174
420 1272
1381 2992
618 701
626 2797
2943 1181
2701 129
562 2865
2249 2124
618 795
618 2182
2307 9
1725 1503
2908 1556
1746 1278
1927 2351
1095 1769
140 1696
2784 1439
683 222
2122 2388
1236 618
2618 618
1389 2756
1984 1221
60 1531
1375 1012
354 1005
2094 505
292 2444
1834 2917
618 837
2577 529
2051 618
1971 618
922 618
2812 1889
181 2309
730 836
1468 2472
2980 481
2829 1855
2598 537
2512 2640
2263 1413
2398 1164
1566 618
837 1243
863 1004
2610 2661
2219 1714
459 987
982 1956
2124 878
874 2064
2494 454
110 1236
779 1672
2347 878
2054 1569
663 1872
2611 618
1928 2361
618 2692
699 2065
2534 677
1506 618
147 1164
1169 1647
2953 2859
97 2880
998 618
618 1667
1482 2318
2731 1341
2584 2553
1269 1448
2108 2566
205 2729
495 1706
618 1383
1034 153
179 618
1797 2508
2986 2838
618 1992
2828 629
2626 2026
2356 609
608 903
2444 1295
462 1966
2860 2398
618 1859
2751 2471
2952 2184
2867 385
210 190
2646 2258
2919 1640
618 1237
618 1224
919 1045
1610 1385
1546 1053
2940 235
1473 439
329 2136
647 1962
2072 618
2985 2695
888 1236
618 1099
2545 1074
1726 2335
934 1352
2497 705
2539 2233
2793 250
2302 647
1638 2295
2019 2652
1789 467
2513 2625
1766 281
954 2236
544 2845
522 618
2426 2876
2583 618
1021 2927
2426 2023
1658 2201
1641 1169
1995 1239
53 1204
189 618
802 753
579 1082
2676 1322
618 1138
2281 2758
1879 2006
1835 1438
797 1941
2536 131
2747 754
1229 618
1176 2650
1348 1445
2826 2217
1171 2066
390 2855
618 698
618 773
2781 736
1669 908
1961 433
1077 1855
1047 132
2144 618
2596 2919
992 1386
1783 928
2687 1055
1602 1378
2016 618
618 2165
2529 1944
2667 787
618 1942
618 1112
146 2645
690 207
2632 1910
2379 2824
29 618
184 354
2660 882
2198 1695
2115 2069
25 812
465 1377
875 164
618 784
646 149
1387 866
2568 1672
1620 1643
1460 676
1764 618
1773 1776
1526 1715
1460 2779
2468 1052
1208 2385
2853 2202
618 517
1589 1133
2645 112
2324 2541
1654 467
2651 1991
1749 2403
618 530
1426 618
618 1586
899 2996
1609 2618
776 2979
2654 2884
2561 618
2726 2246
1568 1079
1519 465
1177 621
253 1375
2547 1159
2380 2445
618 1135
1872 1355
1508 431
1658 2400
2020 618
595 262
1017 57
1335 681
1667 52
2818 618
1111 2330
1527 814
618 1670
445 618
168 2961
2657 142
1415 1441
2124 410
2947 16
717 1339
576 1064
2458 1808
1740 2488
1562 2377
342 2862
907 1702
794 556
1734 565
1131 193
2925 2632
647 1153
2814 2264
60 2995
480 2221
2326 1558
2812 2226
1326 1629
2450 1841
2572 2494
196 2198
2755 874
326 1452
7 2378
70 346
2130 2928
607 616
586 1440
2181 1916
377 2087
1675 2805
1006 1982
1424 352
432 1442
2271 2896
236 618
2641 357
1690 618
1875 1431
618 1671
1038 197
2208 764
2801 618
2603 1453
1218 1644
2747 1026
1593 417
1562 259
1653 585
1649 1306
1808 1081
1170 2891
2956 1289
2030 757
2482 2575
1693 158
1092 1399
1432 2681
1691 1661
1336 2225
594 2371
618 2391
764 401
1603 2751
755 618
2374 2377
2374 1451
727 1495
224 755
155 1108
618 2047
703 135
618 1216
2921 2269
936 47
2901 422
2678 2435
2588 1633
1469 771
772 357
375 2606
2259 1999
865 2404
2946 957
618 765
623 204
95 2843
1424 618
2261 917
2525 618
618 320
618 1684
1678 678
1760 571
2925 635
2639 2243
1797 815
667 1778
2909 474
618 2669
2786 1366
1826 2569
650 2782
1966 2400
618 2454
523 2405
433 972
1752 1845
1914 618
1614 875
741 2990
2249 2697
110 1080
1454 2663
2929 1086
1712 2074
2120 83
129 618
2792 1754
2038 2211
2986 1651
2592 338
1806 618
439 2936
227 606
2478 1310
2616 1840
1515 1448
1464 1313
714 1215
399 90
618 1187
142 2717
618 1920
1553 1536
1486 618
618 388
989 2784
1347 1400
1891 2215
1567 693
618 91
567 457
2621 1550
208 2689
2168 618
2537 618
1252 1157
1472 618
84 510
1316 955
2381 2442
1900 2630
200 1505
2891 214
1856 1046
46 2163
618 2138
884 1761
618 246
340 1175
420 1276
2785 618
1271 1209
618 1474
2964 636
618 1446
728 823
1452 2718
200 138
2660 2380
430 358
2179 271
2133 940
1128 1788
1097 174
1217 2941
673 618
1897 1956
362 241
177 222
2850 1597
1780 2813
618 1511
2015 2886
2481 2285
2412 618
343 1479
2189 1463
2539 673
1090 2323
2337 616
2415 2277
618 1922
687 1120
1147 1123
2665 618
1612 2114
488 618
2576 2634
2955 1724
2968 865
648 2382
618 256
473 621
2953 2037
1354 2444
487 13
880 1165
327 2125
2379 1584
1490 2232
2861 411
2880 822
2716 1195
33 520
198 2325
146 1561
2054 2034
2455 652
1829 2614
189 2636
1571 2444
372 1980
542 624
2968 269
1105 1613
852 1488
2006 2933
2645 1775
2969 393
1201 267
1745 297
2658 1278
1963 944
618 1930
905 2675
1577 1898
2123 1595
662 1298
486 1134
2028 925
64 618
2631 255
1829 2660
1659 2193
248 2607
1788 807
2654 571
618 1047
896 2390
1580 284
736 1870
2784 213
2411 514
1658 957
521 706
436 1958
384 1382
50 1115
1306 61
489 618
1298 618
2858 707
263 618
799 937
2083 2399
352 2631
317 102
618 2045
902 731
561 2808
542 1939
1979 1949
1056 769
2711 2032
1997 1849
2378 1046
2629 420
1112 2036
2430 247
2438 510
2478 185
618 1106
2035 159
2317 946
618 1540
634 339
1839 332
1442 1286
1125 291
2221 832
2648 1773
618 1181
618 1417
379 1255
1810 2423
2287 2561
1523 1370
1321 1864
954 2866
1050 524
426 1268
618 2455
618 2714
202 618
1207 1544
618 2723
1831 618
1329 2704
618 2584
872 1594
2479 2908
1957 1940
2595 1324
536 2284
618 65
1791 929
1553 1263
655 2220
2702 197
606 2510
1565 1161
917 2355
2705 535
528 2488
157 1565
2266 2933
620 187
1418 2382
618 2790
2417 210
567 1307
584 93
1812 618
643 308
618 194
2988 618
2680 2472
2421 644
1592 144
2214 1559
583 1413
1968 1631
2254 2130
591 624
618 1793
1391 1190
721 2668
389 2877
618 2794
2847 2437
1164 433
831 1743
1379 2995
618 143
618 1227
976 2228
844 1771
1258 1971
618 1312
319 667
436 2683
2005 1476
1917 460
2350 2867
868 1597
1325 2746
618 283
2027 456
550 618
1614 1625
2785 2603
2597 2393
67 618
2780 560
347 1893
364 234
2274 14
618 2171
2418 1408
1690 2923
1174 618
2732 265
1970 1918
1607 434
2080 2537
2225 2306
349 1564
402 203
352 1916
2426 994
212 482
816 1320
2319 2047
854 2070
618 916
1337 995
1559 2933
2273 2765
1118 1517
2223 862
1314 2365
2098 1720
1862 1504
618 2578
518 766
2945 1589
618 2384
2428 1903
2937 1638
613 860
618 2399
2461 1893
217 2835
1590 2564
1433 1616
737 2304
1180 1650
549 265
559 2793
2998 1802
2120 2802
1812 123
2054 774
1093 347
618 1089
566 572
176 2271
1485 1614
1448 873
4 2116
1103 1
660 1862
2086 1656
2419 208
2778 259
2805 618
1069 1426
535 1466
618 1510
1973 2404
2758 1031
417 52
1438 920
618 254
2215 618
1467 481
2166 632
1299 419
710 1408
886 1445
939 2707
2290 1182
1623 1459
2056 618
1789 482
1229 2548
405 642
670 547
1076 2719
1304 2108
324 1098
756 2883
1739 1446
795 24
2167 2034
2242 618
1905 618
2763 1271
618 1452
618 815
1004 1098
1700 1876
387 1008
2863 2979
618 907
618 2152
195 1751
1088 1712
2728 618
1266 1137
1313 1545
2093 1719
1059 721
618 2194
618 2237
1222 701
221 534
684 2422
1705 618
2853 2382
56 762
2351 618
495 1849
750 897
1413 1550
618 1185
2991 2368
1084 1191
2247 873
349 2480
971 562
2310 1734
485 2102
1707 1667
1592 1878
831 1964
1351 618
1505 952
2251 35
1972 1357
618 1292
618 1347
2505 1503
618 598
225 1908
2021 2653
1187 88
1534 103
2939 81
1504 1075
2624 1302
2280 1012
1143 2099
447 618
618 861
902 2408
476 268
1722 618
1747 813
404 2482
654 364
2308 1525
2806 310
1808 1087
2296 2599
2800 22
2790 2974
2712 1252
688 1935
2379 1004
200 304
835 2109
841 2362
666 618
2095 2738
657 8
1498 887
1192 2123
618 2620
2432 445
1966 1245
197 1795
1688 1093
2242 1551
841 328
1688 424
259 2555
942 1056
1967 618
2535 2868
234 30
1516 2203
741 618
2183 1130
716 1112
337 618
470 2887
2333 1499
266 2602
1656 1213
2619 326
1049 2735
618 743
354 429
2223 618
2750 618
1782 167
1502 2440
556 752
618 2101
2798 2704
444 1011
2081 172
327 1120
417 1458
2187 2231
1907 236
1045 1748
636 2746
692 1263
1457 2096
439 2203
14 2558
2796 1459
1467 1023
947 2381
733 567
2262 1198
301 955
2058 2737
1142 2330
2429 2117
829 559
801 2841
1302 618
2301 2442
1835 1223
1683 2574
2571 2120
2042 166
1938 981
115 464
643 2184
427 1323
618 1197
529 2509
277 1805
2962 618
1178 1411
331 1928
2979 2839
1983 2326
2772 985
618 136
618 2270
1173 618
1289 2278
1842 585
2087 618
2767 2096
229 1800
618 2170
2223 1709
1514 839
32 2636
2534 1979
602 2808
153 874
521 1309
421 618
618 1270
1525 959
227 618
1126 568
217 212
1260 2131
2565 618
905 1450
2386 2107
618 1124
1620 435
1641 307
619 1475
2617 2937
618 6
818 2113
982 2774
1412 540
618 1772
537 406
2205 618
1111 1708
376 523
381 789
2216 2677
945 1241
2542 1922
1257 2867
601 813
618 2726
575 2242
1146 2975
618 827
1523 2727
1031 632
980 618
546 2376
692 2227
223 618
864 1124
1587 2361
2923 1885
1965 592
2086 2533
1827 618
1903 1932
970 618
589 1278
1722 2519
717 1078
2478 2655
245 1408
1792 2981
345 2470
564 1151
52 1960
25 643
2511 17
620 330
2730 139
618 1037
2912 895
44 618
2539 19
2855 618
2369 291
2581 1843
2431 1493
478 75
1445 618
2795 683
95 1385
73 618
1346 466
410 2706
1763 618
1145 2068
1314 1975
969 1263
2722 1759
71 2549
612 395
813 323
618 2035
1210 2264
2899 144
80 321
2544 1244
1018 10
1578 1687
1589 1323
618 2107
654 242
2257 2244
1481 1642
821 1320
2656 51
814 1868
997 618
2663 2434
985 1200
511 1305
82 281
285 959
120 618
618 748
1197 275
675 556
346 1832
704 1589
2133 135
1101 2282
618 75
1985 2740
76 254
618 2549
1056 577
79 618
618 2498
1393 1800
618 11
897 857
2717 1621
59 2528
1276 906
2674 2309
2116 397
2790 639
2617 1282
2780 45
2196 915
2654 314
2192 2396
1050 2658
618 373
2256 1864
757 17
1641 2520
618 1215
111 532
219 1066
2078 1855
1115 887
235 1679
618 2312
625 610
618 1261
637 1958
2057 1475
1126 2870
1050 921
978 242
89 1113
842 2176
215 618
596 1437
2490 679
1463 1286
747 2584
2969 618
2295 1296
1424 1367
593 2784
1481 618
2582 2441
571 2516
1737 1701
551 2158
1543 191
618 237
1189 1003
1925 618
1281 2366
145 2730
313 1698
603 343
618 2298
618 2290
423 2490
2499 2966
2118 1055
1384 481
686 618
386 217
2615 2137
1109 35
591 2179
1365 141
1350 2794
378 897
618 902
2664 1917
618 616
2875 2248
1880 489
618 2082
2231 1275
407 910
2193 1754
618 2002
1915 1902
72 16
2676 1818
239 2102
230 1331
1534 1287
1143 2311
1241 2308
309 2221
8 2126
1431 1246
618 2103
618 1582
1807 2685
2297 1781
850 681
618 1186
2804 20
1065 168
2088 337
2141 1597
574 1208
2632 1715
722 1144
889 618
2679 1339
2268 2066
1954 36
2157 2921
1622 1353
310 191
1352 893
1673 328
2029 830
618 358
1195 665
1116 1773
803 1590
2365 1401
2365 1333
2698 232
618 2562
221 618
1480 1513
1492 1327
1300 310
612 2232
2970 930
2136 1315
2125 656
762 1276
618 800
1699 1521
2092 2478
2744 682
452 2335
2232 984
947 1054
474 617
2160 624
2821 2017
1007 618
2919 208
1202 618
2225 1985
706 718
58 918
2665 1819
584 618
414 1986
2702 2879
2228 1500
1908 1909
1656 1761
2300 618
1981 1058
2690 421
2177 629
618 2932
1150 2593
2420 1512
1576 2388
2543 2753
1638 1762
1898 1304
1184 330
1478 1933
644 1686
1205 827
1227 1935
1006 618
2837 1940
2880 2517
807 1489
485 1735
2355 1272
2702 1221
2361 2745
2062 2249
1791 734
2163 2885
2682 324
618 1520
1698 618
1176 2029
269 150
1199 886
833 341
1721 1820
1620 618
2180 2296
2694 2264
674 1259
1264 1424
2785 186
165 2410
1446 574
41 1855
2382 826
1151 1256
893 8
2393 2397
2561 2169
2783 988
618 1626
2711 2680
1569 1639
2898 2828
1394 618
1920 2982
2105 591
1388 1251
195 1708
2953 405
2778 2655
2206 1870
476 1390
2458 618
241 2231
2929 1074
125 790
2708 618
699 2450
1736 1496
2465 2937
618 1953
618 1338
2095 618
2230 2638
2760 2907
719 1341
1770 1299
814 618
757 2591
2031 348
360 2843
2211 462
668 618
2769 1238
1121 935
2119 618
45 2333
63 1617
228 2251
985 2500
2054 2098
2540 552
491 1104
1619 618
137 2346
684 2025
1796 2580
1761 1369
618 2643
2725 133
618 2666
573 2987
1916 1718
618 414
2642 2656
475 542
2813 618
742 962
2621 1344
345 618
1385 2296
2393 618
2746 1059
1867 2138
1380 503
2663 592
1805 2670
2007 169
243 1416
1539 965
624 2161
1965 165
2811 389
1866 713
1943 1712
2348 923
1134 2850
702 1787
2960 1920
572 166
107 2559
96 225
21 2373
618 2489
1541 618
1665 2678
618 1090
1884 2731
2680 1359
50 618
2855 2901
2532 1419
2004 460
2965 1459
1500 295
618 2836
262 1060
148 385
1694 2480
2883 210
2191 1648
274 2184
1249 711
757 1039
2340 1346
2908 3
730 98
2128 1596
2017 2940
2502 1978
2651 2097
1499 820
2442 1801
2491 727
1681 843
2204 2433
849 1178
2624 512
618 1131
2552 2091
995 618
2592 2691
1466 2309
66 355
582 508
495 2589
353 723
392 1733
2425 458
618 1388
2101 2852
2861 618
1668 27
2621 746
630 1420
718 1710
1380 2569
948 2183
1237 441
1994 1798
502 1956
1783 1288
908 230
1143 1803
713 618
1645 431
2321 618
1636 2628
1168 1573
2244 618
1942 2914
2403 1449
348 2410
40 34
2076 542
2892 2118
2934 1490
1290 495
1186 2685
618 737
268 2262
1675 2523
2289 2696
2110 1036
278 1334
1238 509
442 554
618 2739
2448 838
1980 33
2957 662
618 1435
1823 1026
2832 579
188 618
124 2821
618 2512
531 2320
2305 2635
957 2439
2808 845
618 122
2040 1007
1771 657
2966 2267
2884 1723
808 618
618 1528
2791 111
2813 564
318 955
1814 2435
1567 183
62 618
2413 1163
142 1334
2021 2173
1341 2330
2317 2872
2851 299
796 1565
925 57
674 618
2710 447
385 475
1375 2226
1020 2530
1411 1645
1809 166
618 568
1441 618
2156 790
618 2472
1913 618
260 340
1455 559
2552 492
2273 1183
2315 1686
618 2602
1449 2952
618 828
1070 2405
810 2593
68 1615
1366 2886
2380 1957
2557 2706
396 2752
2458 1332
750 986
39 363
2283 604
618 1253
1161 2021
2016 2112
1745 1845
758 1251
727 2493
2241 618
2299 1366
2350 1665
2850 2771
35 473
2878 317
1047 2954
2341 1671
2339 2324
1811 1976
1952 618
2395 974
963 618
438 962
2286 1767
1028 2178
975 2357
964 490
2835 891
1308 64
332 1287
3000 618
8 2507
987 1853
830 494
69 621
1155 2562
2005 681
618 1613
2345 1045
1923 618
1278 1555
618 366
1921 2001
1423 618
2020 1792
618 2285
1100 618
618 1606
2816 618
2474 627
724 618
300 29
2808 499
618 169
1747 1618
808 2922
938 2926
760 618
1888 2154
2047 684
618 2
2427 1444
2264 378
1886 2551
1455 1010
2799 1931
302 2631
1358 2515
1158 1502
2551 2984
324 2433
1742 618
1117 1189
463 916
428 311
1451 696
195 2011
618 161
1406 892
620 984
964 1107
1127 766
289 173
261 2604
1395 1844
2463 1000
618 1631
1865 1466
1091 618
2073 618
618 207
1145 451
1072 2493
74 1515
216 2427
1356 1244
618 2033
369 1357
860 618
1511 1085
2259 2009
1649 1662
618 1681
1896 407
408 464
1378 2709
2834 618
2089 1800
226 2372
1799 2209
2930 617
1139 2232
1524 642
2732 961
420 2474
2301 281
950 1882
1738 1476
618 1758
1604 1847
901 2914
1739 2521
2925 196
2424 2624
54 1040
803 2046
2581 618
1522 2844
676 1741
2806 874
1072 1159
1240 608
501 814
2388 100
2426 413
1165 524
2325 621
777 1876
515 618
651 1867
585 1619
335 1803
381 361
618 220
610 2890
2311 1432
2983 862
364 1961
738 2637
1236 689
1528 2195
1820 1454
618 1779
345 646
2013 2891
892 1181
2649 2515
2020 18
1534 116
1680 2427
1378 1980
1226 618
2338 17
349 472
218 182
805 1565
727 234
1235 169
2431 618
2294 2216
1467 2459
599 617
618 996
966 4
1725 618
618 2139
850 1864
2213 1561
904 1730
1049 1320
914 479
1258 2248
664 2350
2585 440
1000 2534
8 15
793 1754
2462 394
2502 391
2414 1112
968 2558
840 2802
1096 756
1618 999
823 776
2873 585
279 1909
92 618
618 1659
1961 2324
2130 1147
1148 2425
618 243
1809 2729
941 1462
2388 2389
2069 2109
86 952
2912 29
2678 1195
2506 482
1306 1343
2058 2522
950 2874
2147 607
2902 2317
618 1141
502 53
787 1376
1886 2537
594 2822
672 564
2061 2081
2536 2214
2111 618
1487 2293
618 745
554 2447
240 618
2022 1034
2789 329
1073 1974
618 1704
1327 790
618 525
626 108
1973 667
2753 2289
2530 2564
2645 2427
1963 756
597 618
618 270
618 2538
1924 618
2164 2905
2277 2479
1012 560
2827 1223
1438 126
2832 1358
12 1596
1395 819
1168 770
1912 618
164 497
774 643
1652 117
1459 427
2113 2245
2729 2888
415 2872
314 1140
1989 687
128 257
1567 618
2524 2571
572 1724
618 2963
1569 312
192 580
1411 1676
2013 2924
798 618
1542 618
2060 1861
58 618
1952 115
1919 2796
985 1079
1336 2827
272 867
2999 570
2138 9
2084 618
920 809
2889 1436
2931 1006
1703 618
1092 1597
1821 618
2930 89
1494 2945
1007 1850
1769 618
2326 618
37 1352
443 618
1351 2293
1671 781
1403 179
1204 1838
1294 2266
2627 2183
1883 1711
2594 618
2478 2992
618 2647
2530 1079
877 1824
2638 267
618 168
618 2276
1795 2791
2392 618
1271 841
558 1625
2215 2067
217 541
2464 1494
1283 2262
1743 712
407 1136
618 1365
894 2973
2846 59
1560 618
2260 618
2044 2948
211 618
2628 618
1538 2107
618 2748
2174 987
2748 2348
2863 2204
1281 1763
1921 618
751 1402
1872 618
1524 1489
2831 2311
631 618
2455 715
788 422
618 2896
2602 778
1830 2370
2063 618
460 77
1344 2998
1994 618
2864 1921
2406 2109
2935 73
1437 2019
2633 2927
1072 1162
1114 115
291 1102
2756 549
933 618
3000 702
1298 1628
618 2065
1554 618
567 252
618 344
618 1755
113 954
2588 2850
165 830
2768 1430
618 1108
83 513
1334 2560
618 83
1032 1966
1427 1896
680 1103
897 1066
618 1796
2871 1528
1689 2822
817 960
396 1822
130 789
2209 2608
1766 412
833 787
2753 2736
534 1627
588 618
1509 618
1706 615
2629 57
709 1624
2940 2763
881 618
1926 1973
618 992
1067 2884
1204 789
226 1744
1456 1263
1597 2176
1058 618
618 1549
2921 1497
188 107
354 338
1064 2286
1099 2066
2027 618
1175 437
2674 190
1398 29
1131 1588
2238 2467
1032 1396
618 1851
932 2652
561 1820
2592 367
2601 1874
1062 128
20 618
1545 2498
1725 340
618 39
2730 2467
1591 965
618 182
1849 2091
315 2303
618 1156
2949 1923
618 939
1083 371
2199 963
2749 263
2886 2766
1157 1532
954 618
618 955
618 2127
2720 618
2365 618
199 2285
1831 1373
1512 2670
2753 1810
1357 825
1410 36
1774 1347
2751 618
618 1179
2770 618
38 979
555 1284
2573 254
1477 1193
398 174
2891 209
2832 288
618 866
2328 618
207 658
1369 1044
827 1899
202 400
4 618
1913 2856
2404 2913
618 2383
877 522
2329 1057
926 1266
1248 444
1905 289
855 1433
553 2860
2938 2564
55 499
101 511
2331 425
618 2024
1312 483
2712 2660
2196 1328
1214 2003
2277 127
1463 950
1727 618
1149 1419
1858 1268
2893 2996
2278 248
1004 1502
1506 1260
521 1744
2543 406
94 2477
542 763
1088 1247
1825 1599
1830 304
999 618
2236 334
35 2046
1974 2500
1218 2761
618 162
618 2799
2224 618
1923 154
268 2052
2155 2564
2356 153
2026 2787
31 1877
2892 2948
1996 2181
214 201
2995 915
824 2867
618 1598
2163 1429
983 509
448 1003
1421 1310
2014 618
37 2830
210 1030
2942 1604
1790 2173
2000 2336
859 473
374 2111
2686 618
2252 2176
1894 1203
2346 2095
1069 2071
736 1342
2651 618
949 618
896 2724
1388 2190
2060 1863
834 2090
2700 765
2145 948
499 806
2121 2482
1385 1529
2452 2485
1715 389
163 618
75 1817
1987 2344
262 1014
1194 618
2356 2409
1756 43
1253 206
618 586
2484 2703
2228 590
1129 1716
2473 2014
1460 1470
2941 2291
2316 2495
235 1724
2545 498
31 2872
1937 2091
569 99
1973 1404
291 325
670 1475
222 1349
1449 1729
1119 2005
171 1393
293 806
1066 1327
2767 791
519 2024
74 2820
2428 10
1583 2645
170 1225
2000 510
2043 1696
878 1319
495 759
618 2305
252 742
1658 953
49 2282
1029 1386
1923 2200
2272 2165
1203 618
2927 2373
2803 1150
1334 1345
428 708
775 618
2053 1238
1752 576
1339 81
1906 1764
2598 336
2811 2015
150 2403
644 458
795 2966
1376 2055
899 2049
1803 1634
618 2819
573 618
2736 1285
1524 1346
267 618
2689 653
2130 618
2944 1690
1685 1707
442 1854
288 166
1883 2207
618 2363
1647 1479
618 135
1025 1153
1129 618
1730 618
262 174
1560 418
2349 632
903 799
2918 618
974 455
2785 1033
2210 2258
2143 821
1391 2835
943 1058
1883 618
1233 869
320 590
2104 2756
1461 2443
1183 2412
365 268
2665 785
2106 424
2194 669
2605 1362
618 77
2303 201
938 2997
1305 2418
1132 618
2041 1224
1353 1549
1254 1619
2793 1470
2121 265
618 539
1750 2253
496 1719
2967 637
1122 277
1571 618
618 2375
1579 977
649 618
618 2644
2713 618
253 983
618 1405
91 2844
2496 2796
1904 222
2764 933
2222 2633
2227 89
1815 618
558 1496
671 154
2468 1433
1816 618
516 618
2283 1998
1481 2150
2178 2725
779 470
416 1002
2094 618
251 932
2913 2354
2401 2954
1220 1682
618 59
975 1111
2060 1690
311 878
575 1262
190 685
2881 367
1632 1166
510 1790
973 1829
46 618
1955 2459
2281 1664
2595 618
618 1677
121 1874
1032 1664
634 618
618 2441
494 2164
1809 2703
1830 1136
1775 2279
990 2322
823 1945
175 2009
1411 577
2055 2795
2865 618
184 1950
2151 1624
661 1572
2235 1553
2550 618
43 2010
52 2048
2209 608
631 23
550 1846
1888 618
2290 2659
1013 1907
