1
3000 1000000000 440119003 3000
1432 1003
2632 1143
1901 2049
644 1719
2767 431
1899 154
1335 671
2647 2787
136 2081
2130 519
2955 146
2300 1515
945 358
2960 119
2730 2956
1025 1069
2575 2774
185 1721
1191 572
250 970
376 2805
2249 556
1257 792
573 352
295 1540
2405 1615
46 1821
2424 1099
559 366
1499 2898
2802 1626
1311 1433
536 1352
1187 93
1064 2681
1912 2798
1497 2989
2713 805
1064 1646
944 2013
1198 1193
2649 541
1237 2094
285 383
2249 2277
1314 1350
659 2250
2933 1902
2380 1498
2418 2633
1744 1321
333 2066
1013 2615
78 569
1686 1090
36 2382
63 2129
1011 1653
914 2135
551 2151
1053 2680
2739 2536
786 2937
718 1791
499 2107
1380 311
2147 2961
2948 2261
2630 362
2054 1729
1714 459
716 2327
962 725
2105 1960
806 2547
1408 1143
1474 1734
1573 2620
1621 1026
225 89
2866 2122
2818 1329
1137 1823
2341 2897
2739 1684
1587 2470
486 1035
1479 1464
363 933
2172 2783
1065 1674
381 530
2074 613
1909 1476
2895 2775
1381 1449
2950 738
2394 2175
1616 2429
2605 1332
630 721
841 1667
2913 2325
2910 2661
733 1527
674 1575
865 1147
2069 2235
2268 1445
1649 2885
301 1388
783 649
1403 1394
2128 456
247 956
113 1403
316 2174
726 617
1295 2786
652 2056
1159 2228
453 1712
666 2491
2367 1797
1769 275
790 2309
2769 244
2213 1853
2276 21
2001 1877
1161 2627
2588 2583
19 2684
809 1613
2235 2088
1567 603
461 2743
1948 1330
2014 2354
2922 484
2178 2832
1192 1889
2694 1205
204 2410
2036 2273
2970 1713
1609 182
2993 825
879 170
2650 2546
507 2122
1740 1799
1493 455
2161 2499
1489 543
2210 898
561 1753
793 2944
498 2953
1679 832
1688 2966
1405 851
1721 899
977 2225
1292 304
1195 1982
1835 2812
2428 2004
2103 2302
1979 48
2665 1596
2745 2183
518 1340
289 2358
2253 2324
1984 466
2688 184
658 2391
1148 619
625 2732
375 69
2178 1253
897 2200
835 2444
1949 1067
1634 1810
2747 697
1923 940
2410 303
913 2063
173 443
244 1278
2720 2320
2363 931
1506 1070
1230 780
324 2245
1550 2862
2356 2506
2633 1117
341 1481
1306 266
2822 2412
688 64
2887 1553
1424 1581
2008 2513
782 1972
562 474
2983 1899
1492 1059
2792 1301
1534 398
2271 121
2042 795
1513 1349
1025 1625
2126 1226
1544 2845
2111 2755
1592 467
1797 1564
2217 2609
55 2266
2044 2570
1077 2893
1898 896
2918 1821
1892 1853
2913 1673
2615 2253
2920 1457
1984 282
1930 2856
917 1453
2809 2855
759 1811
18 241
1504 2908
1239 2882
2391 2148
269 833
2402 1663
107 754
2282 1641
13 2673
1719 2015
72 2874
676 667
390 2286
801 2154
101 1934
1544 2748
1286 1669
1392 1851
1881 453
1648 2643
1651 1986
2468 387
77 2974
2540 584
2394 1966
711 2779
1601 1948
798 1140
320 2804
1276 842
1852 968
2762 1463
265 1735
482 1561
1525 2935
588 997
2712 963
2142 232
2100 1872
1291 1824
297 2479
1636 718
198 80
1102 214
1517 1992
1127 1401
43 1165
2617 1140
671 294
1672 998
1651 464
558 2099
598 310
2457 2941
1858 1478
816 2131
1587 165
2753 2290
1022 902
1183 825
2332 1092
1564 2799
2845 1884
98 28
2547 756
2812 2210
627 1133
1491 1826
611 2525
511 528
1366 22
955 613
2697 1530
2239 2785
2265 1423
2076 1767
1518 617
2734 1947
1246 1018
2106 1584
2455 1680
634 2527
2509 2211
1322 2167
2246 441
1397 334
688 840
683 2667
480 914
2124 2477
2360 2502
188 1958
2577 177
2148 1870
2197 2861
2973 2130
2550 854
296 1150
2009 2661
929 276
842 2028
2974 2529
570 1451
1179 65
609 2788
862 964
2258 124
1480 119
1099 1471
567 1642
2976 1532
2480 585
773 1120
1762 381
2907 1317
2861 2758
2973 285
233 2660
1873 660
1183 687
2726 537
1119 1410
1469 1318
384 62
2877 2417
2773 565
568 2835
218 286
2274 1347
2613 863
137 225
122 2171
59 2830
199 1563
944 1541
296 2853
1214 2151
1039 2452
2375 753
2560 1142
140 2058
764 2146
2559 2174
27 2099
102 1678
1136 2328
1155 384
2688 2761
2749 100
2268 2915
2639 317
1750 794
365 2882
1422 2750
581 2667
1509 95
920 2505
871 1848
1358 2315
1031 276
1153 1607
2048 369
2485 1867
818 1352
1109 2749
2819 1675
2312 1363
1804 1049
1465 1537
1691 1583
131 2995
1977 687
1950 1383
51 1908
323 1282
678 2863
2803 2625
1362 2928
1538 889
2072 681
640 1603
1464 744
2806 1389
2838 1181
1456 603
1073 1749
1092 747
528 399
2005 965
1742 2214
1374 1123
1250 2891
24 724
2016 1938
2184 1124
2186 1008
1754 398
2473 1891
1906 1413
2738 2957
1770 2165
1877 2407
2289 1014
2349 1264
394 1695
1769 2455
1696 411
1393 1657
1166 772
2715 1284
2674 1915
2358 1696
961 238
222 2818
554 2498
23 2215
1071 540
599 2539
2662 2656
291 827
1738 1328
981 526
652 2367
2460 1903
2935 433
147 1388
416 2586
1217 2721
1402 849
2155 1110
1452 1012
1954 1768
1671 1875
2362 739
1369 1547
1862 2132
1023 2530
2258 672
517 1231
1080 873
1956 738
2690 2501
1310 582
2446 2898
179 1402
1458 2998
2881 475
1492 1918
131 2323
2074 1385
2534 2538
2168 463
1443 1659
1577 1112
612 2825
1908 2002
52 1537
2969 243
1925 1567
2828 1442
107 854
1421 1849
1554 979
563 1382
335 2345
620 1942
2840 1916
426 2262
1789 2301
1245 2713
2723 1226
2204 608
856 871
690 2729
491 513
588 418
102 1866
1034 1921
120 494
207 875
1111 873
1430 2098
466 32
1204 2364
1129 1093
2193 1052
161 2722
2770 1181
157 1506
2876 422
2284 2044
2426 71
1949 2865
621 2033
541 1282
127 406
2883 1704
2843 1442
970 955
2232 846
2437 735
1110 2287
664 2951
797 1983
1900 278
2585 208
956 125
2024 410
615 883
891 2059
1569 437
660 1498
1209 2529
2202 1410
2867 2518
1928 996
589 1817
1923 2173
423 2031
189 1863
1659 50
1023 1414
2527 1248
1126 2590
386 1458
2854 706
2535 2393
1479 1051
985 2665
1332 723
678 1520
639 2816
456 1666
1518 2263
181 23
982 1639
1510 828
921 638
1738 2026
2771 2021
452 193
1519 2533
2693 2159
641 458
2837 1643
356 1945
1875 1976
1981 980
730 1751
1095 508
781 2251
2006 1593
1235 2650
1169 2024
2687 169
695 1349
429 2503
2101 2189
68 186
2754 47
1579 939
622 280
670 1233
1389 1044
1196 35
477 818
1192 2888
1920 1488
719 635
922 760
2351 1040
138 221
1343 1971
2105 537
2593 489
2852 1870
587 2300
1995 162
1434 2954
2383 420
2190 1922
869 1885
2578 1096
1075 2916
1015 1882
836 1663
1759 2433
1803 1431
2084 601
2419 893
2222 2864
815 430
1926 258
647 2011
104 1019
2179 2568
237 2978
2596 2880
1828 93
2666 2959
2607 631
571 259
1621 2294
2502 1618
149 1041
1085 194
2659 2654
1747 2269
2497 940
1236 2992
455 122
76 591
206 2386
2582 1113
622 2231
1253 1270
605 1646
1959 1626
1624 2954
2849 284
1375 223
2091 1761
2606 571
1951 1162
2401 859
1573 2339
973 1351
2704 2207
1459 1431
1302 566
867 2651
254 586
20 305
2977 1536
845 2550
2628 2700
2071 2939
2104 2891
434 2963
1511 1273
1682 1879
444 919
1667 1425
946 1737
489 1934
357 1438
2400 510
415 153
1883 2808
2532 589
2790 2678
373 345
706 853
432 1907
1607 2760
1411 1833
996 719
2622 1447
2799 1937
852 2965
1350 2548
1296 2077
2373 1522
2748 2346
1558 531
2330 2448
2553 1697
1148 2422
821 2018
380 2697
2943 1829
2521 2219
1996 434
1551 1578
1759 987
552 843
1512 2977
949 108
1288 1854
716 2154
1913 2646
1180 1162
1545 1549
12 2124
2208 2849
1298 172
2140 2777
1992 2041
273 443
2322 2821
372 2037
2133 1543
2388 1316
110 2593
474 18
1056 2409
110 1758
1129 2353
1246 662
1839 138
306 2354
1820 2671
72 2408
167 1262
1932 1654
2379 228
253 493
2096 202
2592 2352
1344 1201
2337 214
2504 1584
948 160
288 1173
2988 2173
2285 1570
298 356
1229 96
490 838
1466 1927
2663 1412
1628 866
2280 740
282 328
1565 430
2291 2307
157 2872
1918 2927
1973 2065
2829 2868
1031 1365
661 822
448 224
1484 1848
2230 2476
60 2057
786 1874
334 2087
318 2195
2543 180
1200 767
2565 1367
1952 1301
1962 890
2846 1346
2366 1561
283 755
2017 2431
2821 807
2209 2934
1174 2082
1241 159
343 272
2766 109
1888 1500
905 829
2012 71
1798 2880
152 198
177 2413
1319 1630
2141 1717
1223 1863
1760 504
2219 1443
1306 2223
2007 2445
372 1612
1668 1775
1333 1111
2542 555
2359 1053
969 1919
1437 1966
1157 600
2138 460
1943 2645
2071 1962
971 1944
1021 1812
40 1379
1774 592
1871 1038
2706 1662
886 486
904 1141
2765 1568
2957 1844
2984 1087
68 2251
1242 2742
2937 2559
700 2523
35 2579
2435 1717
1698 794
2317 2369
145 1398
2062 928
1382 2570
1620 1685
2484 467
2070 2837
2093 329
2519 538
1425 2694
1996 1841
2209 2725
2000 404
425 1722
847 1931
136 813
1919 255
2363 1483
2203 1624
195 2670
1302 150
1104 2469
1394 2083
1720 1814
972 1363
852 504
2201 2088
1225 2395
79 2940
1416 514
1876 1138
2183 2450
916 1912
2528 229
2809 1532
2873 273
1512 2535
881 607
1519 328
340 82
2271 1101
1466 10
1116 1146
2376 2039
1215 651
159 618
58 720
6 731
2108 175
521 1294
1623 1062
1088 1770
1677 1239
1815 2283
933 774
1619 801
845 1292
84 2673
1473 2737
2885 370
2746 482
1084 2934
1511 2217
1299 1600
1757 2120
912 2516
2768 1203
2461 1220
1360 1134
2510 1905
2326 2514
685 2964
657 1013
608 503
1614 2415
2900 475
2777 975
1273 385
2277 974
1103 2909
1426 2932
77 1896
1760 2146
8 17
2729 1081
1392 692
742 209
2010 2727
1406 1385
2242 2292
908 1160
2425 2552
2424 181
246 960
91 1959
2710 1832
2680 1610
2336 1965
5 1177
1268 1191
850 116
127 2038
2432 2611
341 2163
2028 2386
279 408
982 293
1063 1005
2285 2067
1847 938
1040 2519
1184 1701
694 419
321 752
2711 1450
1052 966
2246 948
2681 1047
1465 2494
370 2696
2719 2156
1688 496
389 1275
726 693
1611 1510
2560 2311
2587 2045
2669 1861
2517 2244
1439 1777
2486 1776
2196 2778
1460 1701
810 1566
322 1398
1201 2080
2342 1502
1263 1251
2333 619
1560 2023
2929 2291
1102 1098
2695 2348
358 932
1914 1779
1050 183
1303 650
2946 694
196 798
1206 1562
192 1731
2468 2182
1684 2619
1642 2910
529 628
2389 111
500 2896
281 1353
125 2279
1792 1009
1488 2118
2971 872
2656 1969
353 1
819 2319
116 2520
2486 699
684 417
2390 1763
2361 1297
751 2765
2575 2924
385 2001
2421 2007
1145 1844
642 2549
1889 1554
300 1097
512 1818
1009 2989
2336 899
1311 2551
307 2683
314 1929
323 36
1739 729
2425 1414
1941 193
1261 1957
1535 1211
1104 771
2516 2158
2623 470
2026 1351
1897 2588
471 1274
2214 973
134 1383
732 707
64 2238
1920 380
133 1876
258 1528
1620 1401
646 1019
2377 636
1798 1806
614 2039
2355 2342
2751 60
833 407
509 512
925 804
934 130
952 1399
2482 1803
1112 1386
2331 2160
2452 892
1868 2736
1249 2372
2345 785
1189 1482
263 1999
409 2703
5 2096
204 2438
22 2834
2371 777
2203 986
2383 2659
1614 1232
2573 468
1289 1320
507 2399
1572 2432
1132 565
2360 1874
2816 824
1024 1887
536 1783
2708 378
1376 2963
2877 1664
2624 1137
2886 935
1006 2736
195 1824
1044 2311
1516 2776
84 2157
714 318
542 2079
2437 101
435 969
1230 479
1590 556
252 2558
2874 1495
1603 1167
1933 1568
1268 2613
1428 1347
1915 746
81 799
2758 1270
2741 2691
2797 1695
2761 1702
1951 2628
2594 1774
1400 33
257 631
1968 2378
9 2594
331 693
2155 1440
1513 3
1173 2488
2143 103
705 2193
2867 1065
457 1855
1777 2436
75 2589
2800 98
679 1623
774 1597
520 2379
1658 1887
2332 1635
2850 1172
677 1185
1618 210
1327 1107
2554 742
2250 405
255 2205
2403 2859
2709 371
402 810
596 1629
682 421
1341 2085
943 2962
1487 94
883 176
1082 2199
2999 1091
1910 302
656 2462
1611 1756
124 1869
2990 1265
696 2213
2630 1020
1572 2638
2416 1639
1515 813
2715 178
1427 1228
1032 1575
2267 894
2361 179
1139 303
2500 1582
1967 2276
947 2040
2204 2629
995 1605
901 2512
2115 1153
654 2102
30 2675
1891 1149
831 444
1676 844
1207 1754
2279 2678
126 201
1521 1142
169 50
1055 1886
1249 2013
662 518
1879 876
1617 2801
2731 963
2126 1477
2599 770
1433 1802
1648 503
731 532
2034 1960
446 67
1963 43
1975 95
37 287
1242 2113
1115 1857
219 400
686 1762
1500 709
1851 1558
16 713
2723 1522
1066 2243
2411 2493
776 1592
2972 2110
1027 2649
2595 2721
2169 1805
2856 984
1037 809
1475 233
133 1175
1370 2139
1493 1415
117 1380
1746 2370
2417 2248
900 2687
1461 600
2587 182
1264 1632
1742 92
791 1182
376 197
2465 2483
2108 1556
647 1756
391 2030
143 2531
2176 298
2192 668
579 737
1674 314
1216 1733
1368 1061
2163 2433
2368 1058
1585 1007
2796 2461
2610 2561
235 1856
1800 203
1827 440
2440 930
1953 2278
2275 246
2601 1188
309 2991
2647 2352
1950 226
301 673
2764 870
2997 998
151 2159
522 344
748 393
797 2640
2522 874
2826 2194
892 32
236 495
187 2642
1801 61
87 677
2772 2033
29 140
2334 2229
922 2985
2434 97
533 2144
2668 1979
745 360
1644 966
2392 2430
1750 598
96 13
2616 568
1418 2335
1135 1404
1005 2443
2212 768
2187 793
2701 256
1193 965
1087 2810
1320 7
750 390
1598 1310
2600 2595
1606 1084
2118 1131
2943 1771
2423 144
2618 1932
1843 2599
2147 1472
1823 2208
396 2231
1213 560
1016 2145
1796 639
2883 1508
439 361
2900 817
100 2374
2784 758
2764 2371
1780 891
807 293
563 2566
764 654
1970 395
2020 2180
2522 1813
1409 66
202 73
1831 2763
2384 1210
1809 848
238 2811
2860 1196
401 1482
2021 1862
951 2949
2459 80
1334 2907
1571 1622
2014 1536
555 1372
171 1012
1570 1359
749 2442
2684 1177
319 2511
485 1069
1964 882
1199 2806
2298 484
1393 824
626 1985
2415 1938
1186 2500
1075 2198
812 1860
591 682
1126 2952
2092 264
559 2076
404 1728
2653 1024
2557 2985
1822 423
791 290
2608 2817
2104 1336
1836 830
1895 2439
604 2112
1556 2510
887 274
1251 1765
862 242
1716 985
230 1036
2467 960
483 1444
1727 2992
16 1234
2259 2314
2003 2958
1683 2940
2590 382
1033 2921
1334 1343
49 1591
1441 903
272 109
1602 1728
392 1354
1439 1462
2117 1968
1640 158
2961 1377
879 1368
1613 1652
2905 288
1250 339
2834 508
1422 1661
388 721
2237 714
2857 1008
1169 2979
1496 570
1806 597
1548 736
1135 412
2930 2381
2735 581
753 2962
582 1785
1490 1795
593 192
1766 1475
1470 2270
1028 1472
2990 1897
1869 515
1712 2936
2978 2035
564 1428
2914 1470
1566 1159
1836 961
2141 2759
1136 1528
431 25
1857 351
411 669
2186 936
2726 2200
901 1773
428 1490
394 523
1062 2389
1726 762
657 1082
641 593
399 2257
2836 1395
1296 2917
1940 515
231 324
354 856
306 224
1786 424
2912 1362
2562 1212
1276 277
1817 878
597 1714
1318 1305
268 1660
2636 1240
2278 148
1715 2462
930 2597
885 2429
2644 86
1545 2265
1793 1067
1369 1838
1540 2507
1795 1578
2533 339
1243 1376
1158 1604
1868 838
800 212
368 704
199 736
2488 653
2420 1200
2109 2584
221 462
2710 1042
2020 1436
2466 2457
75 2260
491 429
1 664
2833 247
1144 2196
469 1650
1503 2869
1399 165
2558 2129
2926 2624
28 811
620 2904
788 741
1185 2061
2552 78
516 2495
1450 1943
1079 2982
612 2444
2052 2744
104 319
952 784
2938 137
2852 814
984 661
2077 2566
1359 2947
2866 361
1837 2850
806 1548
2473 2948
1778 1896
896 540
2194 2872
1308 2206
2908 2123
2449 1597
863 673
2045 2306
1693 1036
1247 2724
2695 1599
1256 2919
1078 1345
174 1678
374 11
2738 785
1166 1539
156 1752
1692 2299
297 1697
1215 1972
616 1589
1100 2860
216 1313
2871 473
2581 2199
1405 2888
2671 1418
2752 487
723 2677
2696 166
2119 1845
2923 881
267 2152
2150 11
185 2066
249 1878
976 495
42 2793
29 2280
2563 2922
2339 1227
1194 2127
1961 572
1444 923
728 2660
905 367
305 1419
1699 2831
1720 173
2474 1772
701 2878
2270 2604
2676 1022
480 727
2589 2390
1004 2043
150 860
722 1631
1204 200
1154 1170
1867 1168
868 308
1195 615
1445 447
974 408
4 1866
1538 2318
1168 2040
1935 1281
168 2497
2890 1988
855 1723
590 308
387 2840
2290 2032
469 90
1254 2495
106 1455
2008 442
1856 128
1594 2430
1340 2435
1976 1100
2414 2356
2121 997
502 1764
1430 870
1955 114
2904 1085
14 10
1787 1739
2987 554
880 1223
2825 2753
618 2847
1342 2561
1426 457
857 2061
1452 2939
1765 1577
1407 2188
1602 830
239 1700
2362 1186
1015 1171
2370 2220
2256 757
702 2337
226 2905
263 105
976 1048
953 2511
1214 2226
1676 1256
1491 1164
180 2652
1660 1827
55 2049
1435 2606
828 1755
623 2259
295 1202
1514 2373
1599 2702
2330 2670
2197 2191
2632 1631
2514 924
836 266
2238 1171
433 2531
1931 2172
253 2971
711 1101
1077 585
927 413
1793 1596
1743 1000
1163 1454
2925 451
2022 2393
2025 2054
1963 1929
1356 2717
787 345
2273 979
1420 2085
113 1907
2295 359
2022 2153
56 1791
839 1703
987 799
1371 2703
1016 2871
2836 1125
1930 2323
1529 1588
547 649
579 2016
1928 524
820 1128
488 427
1221 1741
1356 92
1630 2003
1781 1804
1978 2428
1892 1627
2095 2727
2524 1089
917 129
2177 2863
1252 1732
1070 580
2087 815
1574 2269
2530 2983
1517 2261
2031 406
1525 1656
2629 54
1360 2643
2377 1527
596 446
2785 1307
1419 2081
337 2027
2999 1231
2889 2369
190 2255
703 2679
750 2353
1647 690
2181 2234
2793 2038
1030 497
1643 2423
1446 1216
2889 2646
20 705
367 2
1726 206
471 771
2308 1680
1486 633
898 2127
2232 2298
2297 142
827 739
1850 893
2241 2052
1372 129
2460 983
424 2801
1679 2296
1217 2603
2242 1541
1748 505
2591 2925
1999 2095
2404 834
765 19
1108 2167
2682 1974
61 65
2053 668
240 877
2224 290
2970 2114
546 1262
414 375
1973 1764
2772 1941
1415 2955
2712 643
957 722
1315 1429
2841 632
1325 212
846 665
1091 1670
1453 1266
2796 1605
1835 2980
1057 546
1373 951
2865 228
2365 271
628 189
734 829
397 1914
2313 2658
2707 449
1940 1560
2508 1978
2264 220
1337 51
1939 2509
1711 2115
86 812
2636 1805
574 2620
895 1348
56 1725
27 342
33 2062
377 1485
1704 2610
1309 1780
1846 1050
1772 2449
2029 1271
2142 1946
684 884
2832 2846
270 211
1534 1633
1634 1208
2471 550
1298 2782
910 2901
595 703
213 808
2556 1432
1321 45
2063 265
2402 1828
2119 702
1400 2756
697 2350
2325 335
510 2644
2685 1808
2536 1034
2043 1066
2195 762
2901 438
1713 2065
1157 2890
146 397
2439 481
2791 1707
532 2652
2827 1691
989 2303
763 1074
2708 264
2387 89
1768 1608
2911 286
1644 1269
627 1339
1244 66
485 1244
655 1840
2975 2820
1757 1715
971 2305
543 1706
2776 803
2465 2873
1865 2453
1188 2266
1089 1657
1895 1990
1001 517
775 2895
31 186
1072 1656
1308 2746
2526 1049
2180 1653
1109 1830
2766 577
1997 2284
350 800
1730 2305
2967 2136
710 2986
1672 2340
895 2714
534 1785
1280 1542
313 2827
2734 190
1496 1151
1484 1344
931 1735
1429 1158
1883 1357
1583 2918
1601 2396
2714 1737
383 577
1424 1281
344 2447
1687 6
999 696
676 123
396 85
2625 2523
2953 633
2152 1283
1638 2672
1107 2752
1711 1474
2438 2813
918 658
2228 464
890 1969
1387 2331
2133 590
49 853
843 2459
1878 2421
2267 2571
223 2996
130 289
783 1965
2848 2635
1221 2926
299 637
2191 1873
412 2858
2894 2526
1054 1233
2153 1057
141 886
2143 2456
1557 472
222 780
527 924
1396 2775
1939 958
48 909
743 401
1819 1898
1258 1063
1559 2984
363 421
1007 2301
1476 2997
2534 2381
1088 1705
1553 2274
2501 219
1218 2515
1550 1144
2056 1477
894 1809
2716 448
309 1523
2551 1829
545 2245
2224 1838
135 426
2212 154
2023 1665
1539 1628
1117 492
1198 103
2055 2117
1670 2218
2202 2168
1324 304
2814 1260
418 502
53 2635
522 2951
2100 2607
519 1796
934 1222
2755 839
1257 645
2619 445
196 1355
217 2584
756 897
403 542
981 635
261 2870
1531 978
837 2316
638 1299
928 1206
2698 1987
215 1638
2567 2025
2839 2164
2804 1902
409 1505
942 2975
992 1983
2341 2698
2464 2442
1970 1689
831 847
576 2419
2924 2896
729 2830
938 348
1509 599
45 260
991 2283
2875 2691
1520 2537
420 2475
2094 1122
1911 1487
1213 2171
1871 2286
1346 2598
1339 2221
292 2374
2756 1814
2475 1324
1681 1390
1462 274
115 2075
31 566
1986 1002
1437 2414
415 447
2398 2308
1699 625
1794 826
2789 1345
1225 1300
39 1724
994 2906
241 2347
2820 2471
2189 2487
2672 352
725 967
407 2790
1277 41
2483 2037
1885 1390
1269 236
2740 437
2149 1435
1374 88
388 2784
1060 139
2969 2815
1132 2945
2418 792
34 1881
1235 889
2564 21
778 2490
2692 1753
1029 527
200 788
1822 1149
2078 2499
548 501
1441 2144
2357 1130
362 1708
946 248
920 1916
53 2648
15 1649
2111 2921
1224 7
1438 476
1542 2051
2479 844
2089 1606
2950 2641
2125 2699
665 637
2181 41
2365 583
2580 1467
2554 2802
1665 197
1232 819
642 2622
67 2577
2046 1552
2397 2847
656 1946
1219 1555
1469 2120
1933 2128
2653 2064
1037 957
526 327
2485 2489
784 1784
680 2789
2162 313
837 2543
2047 2334
967 1449
1971 986
1316 2604
1336 1641
2916 2902
1028 1975
2709 2823
907 38
980 168
1197 1417
1830 1580
776 493
1967 954
2260 2720
531 1706
2366 2411
740 2592
2609 117
2406 2083
1218 2397
646 118
832 2103
1384 2611
1521 2811
417 760
2313 2201
2299 2084
1272 769
2190 2478
1551 942
132 2993
1108 1208
2482 2995
1152 1338
1913 1722
1559 2541
2166 347
120 772
1901 1705
355 2137
2548 2657
2134 717
37 2668
826 2988
2878 1047
2454 1693
2930 371
906 562
271 2188
941 789
2679 1900
1039 926
850 57
834 405
1074 749
1557 1329
2467 2227
878 156
1289 2902
427 1172
2546 1736
141 789
1131 497
2887 1954
90 2112
1317 2090
778 1766
393 229
1763 698
2658 2602
2641 70
2757 913
1689 2490
1323 1586
1563 943
2011 1297
12 578
450 1905
1147 569
2774 2744
2426 1773
143 2757
2006 575
449 2826
2243 851
1612 1502
2140 1355
929 1252
2078 2477
382 242
2248 2405
1994 1499
860 1056
1925 3000
1610 820
1086 2579
758 470
1210 1094
2562 1826
823 454
1406 1300
2894 1080
1379 445
139 607
2617 1816
1783 2346
2333 737
1002 25
2540 353
629 514
1202 343
1114 1003
1434 1203
2072 1446
207 773
2564 378
2489 1924
1882 52
534 1293
163 2578
672 2320
2631 1860
670 106
1788 2162
2089 689
2968 715
553 465
2110 2928
1784 1807
1888 2048
667 307
1749 1710
1516 1319
505 2036
348 1825
2616 557
2263 459
2134 2132
1652 506
564 953
2532 1988
2445 1176
1571 160
2288 1021
2782 148
1675 1904
1859 439
135 968
2537 2524
2518 142
1590 403
1579 1694
166 2704
1894 814
1451 1370
1700 2317
1255 2413
643 63
2312 2787
2941 1243
1729 1740
112 2051
128 796
1178 2275
2075 1260
1460 2304
2010 118
2372 1669
1046 2256
2047 1105
1832 2822
2848 436
2563 145
1546 1095
2327 2441
1562 1199
990 1526
2138 2572
1467 2903
1455 1357
2573 1078
2972 2521
1178 240
163 2998
2073 2881
1133 2689
2929 766
1293 2396
858 2568
2080 2742
1581 1207
2959 1234
1342 326
2030 461
2892 1813
1118 916
1936 2854
1636 1121
349 1103
689 1154
188 2343
59 2230
1494 2958
539 2794
1781 2164
1632 2639
123 728
991 354
2623 243
2982 2851
1886 1531
1209 144
2222 840
1427 332
2427 2909
787 422
280 2835
634 1258
2884 761
287 2842
151 2306
1734 777
614 841
2254 1926
2750 2557
281 1633
2512 1842
458 1358
2287 1006
2807 1098
2966 1893
2498 1840
1307 2603
8 435
2229 1627
259 2569
438 964
1160 712
835 1180
558 2264
1690 1194
1708 594
551 216
877 1287
2608 2844
659 2565
126 1495
921 1703
1733 549
692 1709
2767 38
2364 732
708 1179
191 2544
2012 1664
1409 2198
2292 1337
576 766
2453 2412
2718 1371
1594 2472
99 606
1261 1872
1046 1724
915 2161
1288 1017
74 1473
1468 395
2735 1481
875 2740
578 336
1801 351
884 392
2447 17
1977 1033
2778 525
1094 2833
779 1698
1662 604
2718 1314
357 1055
882 1820
1758 2017
630 1106
2810 208
2454 2655
1326 1981
1471 2683
2321 2136
2156 2344
2743 1128
720 755
2157 632
2942 2050
279 1071
2645 2763
83 2674
1980 1854
1890 1151
650 1030
450 1313
1120 2384
2987 2942
2227 452
2841 1237
1121 1655
2057 2541
2403 2098
811 379
338 1957
2655 2344
2469 268
327 26
516 1947
1277 1315
2932 2504
2952 712
1790 2350
2831 2676
2481 2443
1745 97
1906 389
2053 231
1710 2858
1001 1595
2572 1666
611 1953
2406 2355
1163 2728
975 2762
374 454
790 548
164 1922
2116 1546
1819 1238
1413 2494
184 602
187 2781
1391 1859
2247 1987
949 1598
977 2857
1220 782
1810 1582
1609 2002
2 2005
2621 1156
1312 802
3000 1924
2472 500
1290 781
2179 1880
364 284
2491 1600
1365 2091
680 2166
2994 2991
1240 1068
1884 1952
651 701
872 2569
2422 735
912 1303
947 2741
1139 1197
910 1681
655 995
1787 112
644 1381
245 2233
983 325
1396 2463
1864 2585
2400 1535
1858 2328
1993 1138
2466 257
1514 1818
2868 278
234 1279
1295 932
552 1182
2225 779
1707 70
364 1045
2576 759
2050 1010
2986 2322
369 1576
2828 2160
2289 2114
76 14
2184 1694
2302 573
2496 330
2315 355
1485 2770
2106 2906
1811 94
2247 1640
252 1043
347 2431
2348 490
379 114
499 1265
1167 1096
1586 935
73 959
2824 1408
254 1961
2555 428
1815 1325
436 2968
2070 2520
2451 2614
1847 2663
1794 39
2216 1788
954 663
2686 1834
679 2779
1483 950
681 993
1744 1523
2150 2544
923 1692
269 2612
602 1278
2583 2496
340 1127
2914 2296
817 1189
989 2055
1164 1042
2125 2378
2897 2737
1668 2376
1503 752
451 1304
2637 251
906 2492
1457 553
91 2244
2458 1378
2702 1124
1637 2484
1035 509
2399 34
2218 1081
962 178
1655 2073
2642 1287
816 2309
1718 326
153 2675
2580 734
2082 1397
413 2669
463 2192
748 2869
700 132
741 945
2310 675
624 2539
2097 2004
478 479
2018 1275
88 2027
2903 310
1384 918
2293 545
359 2236
2288 2731
2404 2875
1989 175
2385 2747
864 2879
325 217
1936 645
267 544
1807 2170
1378 2893
1588 2318
822 1026
927 939
2295 2254
2927 2226
2272 1964
936 1274
2728 2751
99 1702
900 2627
1412 1533
538 291
2416 1155
2448 999
768 346
2824 2631
477 2768
218 2281
432 1786
2967 747
887 624
557 171
2239 2843
483 513
251 1855
1524 580
1323 1944
1285 1974
2481 2759
547 2107
1686 227
333 2281
234 2139
15 648
2947 2662
683 868
2503 322
1411 941
2123 1341
47 727
616 336
523 2474
1387 315
1945 2949
2598 2870
158 2086
172 44
1800 610
1364 121
2116 520
2440 2807
1176 2946
2797 2349
765 1312
521 744
1645 1903
1533 1629
1494 1985
1353 2549
1839 1782
2359 2513
46 2182
2236 707
1595 1997
1391 1060
1576 2732
1894 959
1841 1048
2700 2408
1505 2240
481 2556
2538 1779
972 249
685 993
3 487
69 194
2808 666
2707 1447
365 1658
2814 1248
2316 2252
1395 2842
2000 988
2058 1555
315 2297
2215 574
213 1375
2470 239
2093 757
210 1241
1743 2307
803 316
54 416
2769 2705
1000 1105
2343 2441
1727 1020
1459 1998
2255 1267
2618 1448
312 1076
1673 743
1279 1647
2754 1255
377 1751
1328 1259
256 2329
2401 1145
1507 544
1776 1846
2060 629
1219 1322
1004 2041
1010 2574
2956 903
2515 730
549 209
1530 1051
992 1038
302 1068
1741 24
368 648
2920 2131
695 1890
350 861
2347 342
2506 1755
1079 865
2664 478
2686 1802
2480 1373
108 626
2434 2654
2892 331
2981 849
1661 2730
2409 2211
586 1106
1014 823
769 888
1072 907
1608 1935
1175 1146
1247 2257
2262 691
592 2791
2338 575
1790 587
2545 2097
1266 2135
636 2064
848 2783
539 1842
330 1229
111 1917
1291 230
283 2304
44 1338
2326 1086
149 1635
237 1761
1165 1436
2553 1134
162 717
2912 2113
2340 2458
861 1440
1184 1685
1018 525
2829 1864
1377 2079
1565 1285
2706 2634
1224 1478
1991 669
176 2567
1937 708
2233 1955
170 1286
465 1549
1991 653
2733 2945
2853 1174
215 1736
869 2705
2626 2781
2456 2090
1489 1011
1123 174
2899 2574
74 57
584 2800
1843 1775
1041 473
87 1682
1259 2335
2357 211
876 2207
1529 1850
2234 2886
1718 79
2771 1552
1284 713
2102 2938
261 1348
205 1404
2581 2019
317 201
245 1152
1725 2015
2068 9
2187 1865
1995 30
2666 926
2693 2919
2724 1236
2621 2915
501 1904
1416 2029
2282 105
1017 699
1569 2272
1650 2780
724 1616
2805 1861
1526 2508
1942 1116
1032 2980
164 1852
621 2839
2794 2165
911 498
904 2965
1767 2427
529 937
1468 2651
1993 550
2464 2177
2149 867
1156 1893
888 235
2032 1591
1909 2205
2329 857
2859 2884
1364 1331
2996 2101
441 2059
85 710
925 1880
1958 990
2216 1294
425 1507
1574 733
1617 1267
1386 2685
338 2917
1585 2446
2382 2321
1305 761
698 1029
1141 1748
1543 299
2981 2701
400 1745
248 1816
292 2792
1799 1834
2876 855
1677 250
2640 606
260 535
1113 311
1687 1367
1683 1335
640 2596
2722 2137
2591 2476
601 1045
2420 1222
2375 2844
2933 1326
1752 1982
902 2994
1190 220
2221 2648
1327 535
2817 1480
775 312
2319 715
1501 1486
262 751
414 1690
2576 2092
2240 1205
2392 1330
859 911
1054 594
2385 4
2158 332
440 2450
2185 2657
494 496
2602 1792
675 2637
2034 2803
2823 2478
2780 1497
1782 567
2936 2067
2851 988
1645 2060
1263 1309
83 2813
691 2638
2931 191
858 821
373 1589
1808 410
2786 1980
506 1170
1448 533
40 1361
1732 115
1456 492
2864 419
62 472
1354 346
2241 2719
1420 2324
2121 1812
1994 1331
488 746
2788 561
82 1654
2176 1604
462 2525
1407 1228
2626 1161
1093 2944
2368 1833
262 2463
1027 1911
2571 2815
978 1504
524 864
2517 205
1114 1845
1283 2380
2838 2451
909 2976
1547 1501
1043 1747
1083 915
1593 1990
300 1119
2960 937
329 610
2223 1461
874 2086
2069 2931
2716 1625
366 2388
583 402
2664 1130
1454 2555
2717 2795
1837 2634
2600 2436
26 2493
1921 183
1927 1097
1366 1998
232 808
320 1989
1956 1463
2923 1090
1061 42
1716 763
1671 349
2760 2614
2042 686
1417 391
2528 1771
560 2492
2862 1280
623 294
1238 1059
2855 2294
2582 147
1245 2046
1508 795
2601 2689
337 442
2879 81
2237 2979
609 1746
1580 2964
1831 2109
2545 2314
1211 134
2507 468
1290 2612
360 709
155 511
2407 1227
1789 805
2692 2682
2145 2795
460 1910
1076 1073
275 386
674 2745
58 2395
2351 704
2220 2605
1622 908
1058 1187
605 1190
2819 2699
754 1304
1254 2175
1421 2170
2035 770
2310 2725
2009 2911
2293 2169
321 1150
1619 2487
203 270
530 1709
2798 277
152 2677
2252 476
1272 2711
796 958
2303 227
1361 2206
1917 1122
880 804
2586 2019
1423 1118
1849 161
2338 1125
1731 2398
167 1271
1730 1825
2387 745
767 1723
1083 2068
2899 1637
2773 1212
663 595
1524 950
866 1333
155 2505
1615 1778
2597 2542
994 2185
802 2690
2733 885
