1
200 1000000000 814199789 200
98 95
5 89
161 105
14 143
49 7
89 13
144 172
106 22
20 120
150 8
123 23
169 119
79 35
28 111
30 141
3 196
26 141
57 113
176 140
47 194
140 158
128 10
185 4
69 140
115 173
43 20
174 111
130 140
140 45
99 77
15 66
76 181
9 189
140 98
140 178
76 75
192 107
126 140
79 167
172 38
194 169
198 168
190 194
135 140
137 51
140 108
138 140
41 55
186 11
140 109
157 140
140 128
139 140
152 138
199 140
9 7
102 193
199 151
91 73
183 184
193 59
107 86
157 32
52 125
1 142
141 48
65 158
121 113
140 91
103 9
167 26
136 5
122 34
71 5
49 92
97 76
75 102
133 39
140 82
94 88
80 64
3 183
63 125
68 40
74 144
34 7
137 173
74 122
75 48
194 200
127 42
101 89
200 105
75 114
58 87
129 33
47 24
153 118
55 140
65 72
140 50
175 9
107 164
167 196
159 140
140 146
139 14
100 106
152 84
33 147
83 46
28 20
89 133
62 140
133 131
134 155
180 149
171 140
1 155
185 19
93 20
54 71
94 140
140 188
18 56
118 140
9 148
140 12
140 106
29 49
140 2
25 3
37 124
84 36
170 178
191 23
140 149
91 104
140 77
197 186
39 53
85 140
160 165
178 68
184 63
70 88
156 77
162 74
137 168
164 154
102 140
140 123
142 78
26 127
9 186
67 144
33 167
150 66
95 90
161 144
55 195
110 176
111 86
192 150
37 125
127 185
117 81
52 133
140 113
80 61
15 92
18 140
117 105
80 24
80 179
163 160
31 133
31 20
66 17
163 50
21 127
58 178
145 112
182 150
127 166
39 116
140 168
140 112
50 96
78 140
44 88
177 61
187 91
16 120
99 60
125 27
140 132
196 46
6 98
