1
3000 1000000000 378607538 3000
665 2562
2558 2562
2562 2902
84 2562
2227 2562
2562 1720
2562 893
269 2562
2562 1412
2471 2562
2562 1875
2562 2821
989 2562
2562 2516
473 2562
770 2562
2562 40
2562 1738
2859 2562
2562 279
272 2562
533 2562
2562 2528
2562 614
1416 2562
2310 2562
2562 1213
89 2562
2562 561
2562 2514
2562 374
2185 2562
2647 2562
1373 2562
953 2562
1840 2562
2562 2161
2562 2101
1045 2562
820 2562
914 2562
1203 2562
2562 1594
2562 2506
2562 1575
2808 2562
854 2562
551 2562
59 2562
2562 522
2207 2562
2562 136
2562 2115
2893 2562
2562 903
2630 2562
2562 433
2562 1874
2562 1311
2562 92
955 2562
593 2562
2562 1784
2395 2562
2657 2562
444 2562
1692 2562
1774 2562
766 2562
2562 2937
1331 2562
2562 2306
2562 784
1423 2562
1837 2562
2562 2435
2562 194
2952 2562
2424 2562
732 2562
920 2562
2562 2463
2562 577
2289 2562
2562 1216
2562 254
2562 2234
173 2562
478 2562
1268 2562
2562 2202
2642 2562
1231 2562
2562 1644
1619 2562
2562 681
1093 2562
2562 434
1636 2562
2562 882
2562 1733
2562 708
835 2562
2562 327
1695 2562
875 2562
2562 1520
2426 2562
2562 2474
1008 2562
2562 714
1975 2562
2562 1823
2562 1117
2562 2882
2562 1645
2562 2912
703 2562
394 2562
266 2562
2562 413
139 2562
2562 1058
2562 1271
2562 968
1494 2562
2562 1592
2562 785
2562 2692
2562 1389
233 2562
2553 2562
2562 1432
1584 2562
432 2562
1072 2562
1952 2562
2688 2562
1723 2562
420 2562
1097 2562
779 2562
1788 2562
1125 2562
2377 2562
700 2562
2187 2562
912 2562
2562 1404
2562 41
2983 2562
2608 2562
2562 2867
424 2562
679 2562
2562 1630
2562 2747
1401 2562
2562 2546
2562 2538
490 2562
2562 1822
2562 1713
2562 1643
2562 1005
722 2562
1070 2562
2562 178
2562 768
2562 1186
1929 2562
2562 106
711 2562
2562 243
2562 2020
1088 2562
2829 2562
2696 2562
800 2562
2430 2562
2562 264
2562 1126
2846 2562
414 2562
2562 2458
295 2562
1370 2562
2562 2302
2562 690
2562 369
2562 2439
229 2562
2562 849
2030 2562
2562 579
2562 1033
2562 1014
397 2562
2562 251
1300 2562
2562 2174
2298 2562
2107 2562
2562 1925
1350 2562
452 2562
697 2562
827 2562
1848 2562
2562 476
2562 1087
1574 2562
2119 2562
2355 2562
794 2562
2253 2562
1776 2562
2199 2562
2562 1443
361 2562
2562 2038
2562 2972
2562 1917
2562 915
2976 2562
2457 2562
1590 2562
885 2562
550 2562
2562 739
2562 2438
2562 2087
1500 2562
1514 2562
2562 2216
2616 2562
2562 990
2562 735
1661 2562
2562 684
1418 2562
1237 2562
2639 2562
2562 1717
1077 2562
731 2562
2562 2352
2562 74
2562 1470
1772 2562
694 2562
845 2562
2574 2562
1315 2562
21 2562
2562 477
2562 566
2562 47
160 2562
2557 2562
2562 1679
1674 2562
1464 2562
2562 277
595 2562
2562 2332
2562 1862
2562 1880
428 2562
2562 974
2562 859
2562 2290
2562 798
2562 543
2562 1621
2562 2555
918 2562
2562 98
2562 720
281 2562
1012 2562
634 2562
751 2562
1208 2562
2643 2562
1344 2562
1740 2562
2562 789
2562 803
2562 2662
439 2562
2562 2484
2313 2562
2562 2096
2562 2563
2562 2137
1453 2562
1385 2562
2492 2562
2731 2562
641 2562
2562 2993
2807 2562
2562 2875
495 2562
2562 112
994 2562
2562 1866
2562 617
2562 2427
140 2562
954 2562
2033 2562
1781 2562
43 2562
1762 2562
2562 412
2562 1818
2562 2776
2050 2562
1670 2562
1870 2562
2562 2224
1286 2562
2562 2453
2562 677
636 2562
2144 2562
2562 39
1163 2562
1172 2562
2562 2393
440 2562
2135 2562
1007 2562
1029 2562
2562 2441
2853 2562
2562 947
2349 2562
2562 326
2772 2562
48 2562
2562 624
2562 2226
744 2562
188 2562
2014 2562
2562 1727
2562 1273
2562 2530
314 2562
2562 1044
2562 2169
2562 1701
2562 1895
917 2562
1794 2562
2562 2078
2562 2521
2562 2985
1221 2562
1164 2562
2562 524
1493 2562
2562 1328
2562 748
2562 450
2415 2562
2562 147
2562 908
658 2562
2562 2497
1061 2562
2562 311
1651 2562
2562 2365
2562 170
656 2562
1808 2562
2562 176
2562 535
2562 102
1343 2562
2562 2723
2562 259
2562 713
815 2562
2562 291
2562 2089
2562 1171
2562 1107
2562 1654
2562 526
2081 2562
2562 797
165 2562
2562 76
2465 2562
2562 2565
2562 1868
2562 2445
2562 2864
263 2562
2562 1987
2562 1793
2562 2036
745 2562
2562 406
2562 2613
2562 2918
2562 1143
2562 1104
2562 149
2158 2562
2562 2712
2466 2562
2562 184
2876 2562
2562 2679
2562 791
1783 2562
2397 2562
2562 2578
2615 2562
2562 631
2562 2534
2326 2562
1460 2562
963 2562
2562 625
1377 2562
2562 2704
2562 2888
2562 926
2562 400
2562 1909
2562 1290
2775 2562
2562 2461
2562 2762
2653 2562
15 2562
520 2562
1563 2562
2874 2562
204 2562
2705 2562
78 2562
2562 1320
552 2562
2562 2443
2562 1691
2562 2147
214 2562
189 2562
2562 1075
237 2562
2562 699
2562 1383
2562 2564
2245 2562
2664 2562
2925 2562
590 2562
2562 393
341 2562
2562 1263
2562 323
2321 2562
2562 340
2562 501
1530 2562
2738 2562
2562 1707
2562 1842
2562 1292
2562 1025
2562 1325
2562 2201
856 2562
2562 1639
1760 2562
895 2562
2061 2562
2562 1961
2562 922
2562 2797
2637 2562
2562 1397
2562 2084
2368 2562
2562 2803
1305 2562
1977 2562
2070 2562
2562 826
2562 958
2254 2562
1206 2562
2504 2562
2562 1113
584 2562
375 2562
2040 2562
399 2562
2562 2661
2562 2354
2562 2046
2562 2159
1467 2562
2401 2562
2562 1112
2562 117
1647 2562
2454 2562
2562 2536
2562 1413
2562 1249
2562 2721
2233 2562
2562 2707
2562 1833
2562 588
1757 2562
2562 2599
2562 181
20 2562
2562 494
1435 2562
1255 2562
2348 2562
2562 368
2975 2562
691 2562
1696 2562
2945 2562
586 2562
2562 2328
1105 2562
398 2562
2483 2562
2562 1388
2562 2590
2863 2562
2562 688
2360 2562
2562 2189
2562 1118
2562 1110
2562 1436
167 2562
2965 2562
1036 2562
2562 541
818 2562
1257 2562
2562 565
2264 2562
2562 1049
2562 2800
2562 898
1631 2562
2562 1897
2562 2473
159 2562
1683 2562
2295 2562
2562 1366
2562 927
2562 808
2562 1288
2562 2517
1017 2562
2605 2562
2562 1814
2562 1285
2562 217
2562 2048
1304 2562
2562 1709
1991 2562
2562 1078
2562 1210
2378 2562
2562 2380
219 2562
2562 2982
2312 2562
2562 946
2562 231
2562 1734
2562 2373
2562 1688
1728 2562
664 2562
2562 1576
2562 2722
1357 2562
2562 1283
2146 2562
2181 2562
2562 475
2562 36
2562 2177
2562 2524
1083 2562
186 2562
2480 2562
2562 1456
2221 2562
2562 511
2562 496
1473 2562
1219 2562
1933 2562
2562 2367
2562 980
2562 1979
1457 2562
1632 2562
180 2562
2080 2562
1552 2562
1099 2562
2562 2428
415 2562
2562 1382
2562 661
2562 1753
2562 1548
1346 2562
2562 2525
2562 936
2168 2562
2314 2562
2562 1130
570 2562
2562 508
832 2562
545 2562
458 2562
2930 2562
2246 2562
2562 319
1582 2562
2581 2562
2066 2562
1659 2562
2562 1162
2907 2562
1752 2562
2562 2717
2562 1074
37 2562
158 2562
2562 1165
2149 2562
2562 1535
1567 2562
2515 2562
2562 1122
2998 2562
1739 2562
2353 2562
911 2562
2674 2562
1474 2562
1963 2562
2562 1159
2562 2112
2562 30
2114 2562
1379 2562
2562 2785
2562 55
2562 1764
2562 2339
2783 2562
2562 1475
2562 286
2259 2562
2562 2171
23 2562
2243 2562
2562 1587
2562 1616
2562 3000
2562 1997
1795 2562
2562 351
2892 2562
2562 2272
1785 2562
2720 2562
2364 2562
2562 1133
2562 2281
2562 182
125 2562
2008 2562
2562 1597
2562 1157
2562 1543
515 2562
2595 2562
2562 302
2562 2788
2562 379
164 2562
2562 2593
2562 358
567 2562
2562 321
594 2562
602 2562
2562 2324
657 2562
2562 232
249 2562
1773 2562
2562 1447
2562 1242
2562 1220
2562 2787
2562 1923
2908 2562
46 2562
2562 2871
2562 620
1572 2562
2562 1296
651 2562
2045 2562
1990 2562
2562 505
2562 837
2562 2278
1589 2562
2562 2098
2562 1375
2562 1198
2562 241
2805 2562
2562 1935
2562 1000
2142 2562
2385 2562
867 2562
1947 2562
1478 2562
2562 1850
1438 2562
1920 2562
879 2562
2562 1224
2897 2562
2735 2562
1308 2562
1809 2562
1938 2562
2139 2562
2562 605
2477 2562
129 2562
2562 16
1302 2562
2408 2562
2562 1449
1522 2562
1792 2562
2946 2562
557 2562
1433 2562
2562 2813
2562 2317
2562 825
196 2562
416 2562
2820 2562
897 2562
2562 649
2562 2041
973 2562
2562 2223
2562 2280
2562 1342
2562 467
842 2562
492 2562
2562 585
1797 2562
2562 2966
2562 303
1235 2562
2562 1805
2562 2340
2562 1607
338 2562
2562 32
2562 666
881 2562
1673 2562
2562 1482
2562 1716
1334 2562
2456 2562
2562 2157
2562 332
2562 1551
1309 2562
2206 2562
2562 260
19 2562
2562 1355
2371 2562
938 2562
2562 1011
24 2562
2562 1454
58 2562
2111 2562
2518 2562
2562 2774
2562 1623
2347 2562
1532 2562
2562 2490
2392 2562
2562 1121
1041 2562
1799 2562
2562 304
2049 2562
190 2562
1608 2562
2006 2562
1498 2562
2562 2817
2562 1168
591 2562
2562 172
1972 2562
2562 1299
2684 2562
2562 1407
516 2562
913 2562
2533 2562
1496 2562
1879 2562
2562 1226
138 2562
298 2562
1553 2562
2562 1755
2964 2562
62 2562
2562 1483
2562 1817
925 2562
2726 2562
2283 2562
2963 2562
2562 1
2732 2562
1730 2562
1780 2562
2604 2562
2562 2981
2491 2562
928 2562
2217 2562
1677 2562
2562 1559
2562 2861
1380 2562
2562 1671
2562 2950
2562 1196
2562 143
2479 2562
2562 1890
1063 2562
2562 2929
2967 2562
1319 2562
2885 2562
2562 2832
2562 1144
1641 2562
2869 2562
2562 841
2562 2682
215 2562
2889 2562
2698 2562
297 2562
761 2562
2562 1026
2562 755
966 2562
2562 42
2562 1442
589 2562
576 2562
884 2562
1609 2562
2562 1588
2562 488
2562 2069
2562 1229
2562 1546
696 2562
2562 916
2562 1448
2562 531
99 2562
2562 945
2562 2122
2523 2562
2156 2562
2054 2562
2562 2872
2562 846
2562 1052
2562 2018
2790 2562
2412 2562
2562 2232
2562 2017
227 2562
2562 1069
2562 819
2562 1042
2331 2562
2562 899
2562 1824
2562 1943
408 2562
650 2562
2562 73
2562 2840
865 2562
1743 2562
2237 2562
2562 2086
2562 2844
2562 2442
542 2562
2767 2562
1291 2562
2446 2562
2562 1241
2562 69
2562 1503
2562 2316
1857 2562
709 2562
2547 2562
2562 750
2562 1394
2562 981
2562 896
2562 2345
14 2562
1715 2562
2562 1642
2562 2734
1427 2562
2562 481
2562 1243
2085 2562
2562 1466
2562 1324
512 2562
2588 2562
2562 1973
2562 1838
110 2562
2562 2904
937 2562
1960 2562
2562 1978
2562 2308
1023 2562
799 2562
2562 145
2562 2123
2562 1892
965 2562
468 2562
2562 670
87 2562
2562 890
2668 2562
7 2562
2562 2512
2936 2562
2562 2987
1719 2562
2748 2562
1039 2562
470 2562
2562 1578
1944 2562
2172 2562
223 2562
2562 2891
1468 2562
2000 2562
2562 2067
1312 2562
1323 2562
2562 1845
1417 2562
2436 2562
2562 1364
2758 2562
2562 322
2562 151
1185 2562
2545 2562
1888 2562
907 2562
2562 2596
2728 2562
2562 1558
2973 2562
2562 2714
1681 2562
2562 2256
2562 2055
120 2562
1316 2562
2197 2562
2212 2562
2695 2562
1050 2562
727 2562
2562 2809
2562 1248
2562 2338
209 2562
2562 1190
2562 2781
1465 2562
942 2562
2562 2602
1252 2562
2562 2425
2750 2562
2562 1451
1930 2562
1565 2562
2562 529
2562 2433
2260 2562
2562 2675
1138 2562
2562 2961
2209 2562
2562 1796
2562 1779
2562 2116
2562 683
2562 17
2562 1477
352 2562
2562 2927
1615 2562
834 2562
2562 2663
790 2562
2562 156
2562 886
1140 2562
2562 2419
1232 2562
1744 2562
423 2562
1352 2562
384 2562
2562 1055
987 2562
2562 1256
2299 2562
1152 2562
2562 2267
1598 2562
2562 2284
2562 1662
1932 2562
2450 2562
2562 1663
2056 2562
2562 346
396 2562
2562 1600
2562 1314
2562 1166
2562 355
2370 2562
2562 1999
2562 2968
2562 293
2915 2562
952 2562
2562 381
2562 1745
372 2562
2562 296
2562 877
1902 2562
2727 2562
2562 2447
2562 2410
2562 2559
2318 2562
2499 2562
2562 2667
2418 2562
2562 157
148 2562
667 2562
2562 1614
1831 2562
300 2562
2562 1106
211 2562
2562 1525
2225 2562
2064 2562
2060 2562
1444 2562
203 2562
2562 950
1761 2562
2562 964
2562 289
2141 2562
2562 1486
2132 2562
2841 2562
991 2562
2562 777
738 2562
610 2562
2562 2076
2562 2394
2180 2562
2363 2562
2562 498
2969 2562
1612 2562
2648 2562
704 2562
2562 426
2562 2451
1204 2562
2562 1261
2562 606
959 2562
1625 2562
2562 387
1218 2562
2823 2562
2562 643
436 2562
1217 2562
957 2562
2611 2562
1356 2562
2562 573
2105 2562
2868 2562
2562 2815
2548 2562
2562 1893
1751 2562
2562 1134
2311 2562
2562 811
1009 2562
2562 1974
2618 2562
2562 2991
2009 2562
1830 2562
1821 2562
2739 2562
250 2562
1602 2562
2562 1867
1081 2562
2624 2562
2519 2562
1085 2562
2562 888
999 2562
2562 2304
1955 2562
2562 2244
2812 2562
2562 2634
1940 2562
833 2562
2556 2562
2251 2562
2562 411
2562 869
2562 2032
2836 2562
2994 2562
2791 2562
2562 2786
1904 2562
70 2562
2942 2562
1462 2562
900 2562
1936 2562
2562 1922
2562 639
2562 2852
2562 2025
2152 2562
765 2562
2858 2562
2562 1341
943 2562
607 2562
183 2562
2562 2330
970 2562
2562 2737
2562 1351
142 2562
2685 2562
2562 1983
2562 1073
1969 2562
793 2562
2562 2849
2562 773
2562 1056
2562 838
2562 499
698 2562
2562 2320
2562 2145
1505 2562
2562 737
2562 2623
2529 2562
996 2562
2478 2562
1737 2562
2562 983
2770 2562
168 2562
255 2562
1429 2562
2562 2570
2562 782
2562 1236
85 2562
2799 2562
2562 2043
1859 2562
2255 2562
1091 2562
2431 2562
1518 2562
2562 2883
2898 2562
448 2562
1906 2562
2562 2782
2562 1813
410 2562
2948 2562
1175 2562
1984 2562
2562 261
910 2562
2562 728
2293 2562
2562 509
218 2562
2562 723
2562 1368
2562 422
549 2562
1697 2562
1275 2562
2562 1211
1919 2562
2562 1508
2562 706
1495 2562
2562 460
486 2562
2562 1708
2562 2241
1982 2562
71 2562
2562 2154
655 2562
2562 1998
2562 1604
2475 2562
1951 2562
2562 2372
2294 2562
2562 2126
2562 113
1949 2562
2562 2285
1051 2562
2562 843
2562 466
1028 2562
1293 2562
1207 2562
2562 2607
2562 599
1648 2562
2562 1406
2562 2955
2562 1484
611 2562
2562 2884
1694 2562
2562 480
2109 2562
1579 2562
2899 2562
2830 2562
2943 2562
1120 2562
2562 1230
1441 2562
2562 2880
2554 2562
2562 1591
2763 2562
2562 668
1360 2562
2179 2562
2562 1403
2562 67
2562 2028
2562 2759
2562 2651
1037 2562
2562 2906
2562 2513
2423 2562
1957 2562
2562 2656
1222 2562
1480 2562
2562 2711
1131 2562
2666 2562
2744 2562
689 2562
2619 2562
225 2562
2562 1004
1415 2562
1622 2562
2708 2562
2249 2562
2686 2562
2562 216
2562 878
2562 839
1245 2562
2562 1265
2562 2933
2746 2562
456 2562
175 2562
2562 435
2562 575
756 2562
844 2562
356 2562
2562 1043
2128 2562
2562 663
337 2562
1629 2562
2562 1889
513 2562
2562 1538
2560 2562
2562 318
2562 695
2562 2510
2562 2016
1015 2562
2239 2562
2778 2562
2562 1057
174 2562
94 2562
2148 2562
1371 2562
1192 2562
2562 2676
2093 2562
2562 2958
2117 2562
2562 153
2562 2535
2562 1931
2562 554
1426 2562
1806 2562
449 2562
2562 1899
2562 894
726 2562
2635 2562
2562 705
51 2562
778 2562
2562 733
482 2562
1437 2562
2562 2341
2562 2932
1537 2562
2183 2562
2562 2305
2562 1450
2562 1501
2562 2271
2562 2319
2562 2452
2562 1124
948 2562
653 2562
2562 2749
283 2562
447 2562
2562 2467
615 2562
2562 632
2562 1376
2562 1251
2562 559
637 2562
2562 619
2562 2683
1915 2562
2562 2273
1771 2562
1585 2562
1800 2562
514 2562
2562 402
934 2562
2562 2388
1089 2562
2562 2959
65 2562
1199 2562
995 2562
2562 2421
2562 1128
265 2562
2562 1668
2562 1284
580 2562
2562 608
2562 1705
2562 2784
2562 1627
1215 2562
79 2562
270 2562
2562 130
2562 546
2562 1367
1148 2562
2562 753
2837 2562
1876 2562
2562 962
2448 2562
2562 2526
2291 2562
2460 2562
2989 2562
2562 1399
2562 2818
2562 2652
1995 2562
500 2562
2562 1167
2562 357
1934 2562
2769 2562
1869 2562
2562 1958
2977 2562
2562 383
2562 680
646 2562
1722 2562
2562 1810
2175 2562
1282 2562
2562 1847
2794 2562
1515 2562
1655 2562
998 2562
2562 1079
2562 2011
2127 2562
382 2562
2562 1054
2562 1506
2562 31
2001 2562
2307 2562
2827 2562
1628 2562
2562 2150
2949 2562
2562 2240
2562 2170
2562 309
2562 1313
2562 2650
471 2562
2562 2603
2575 2562
2562 1853
2562 2701
2562 687
2562 192
2562 1736
2562 1742
2725 2562
2562 1884
2562 1613
90 2562
2562 2584
2826 2562
1488 2562
2562 380
1101 2562
2334 2562
2710 2562
1212 2562
2082 2562
560 2562
2806 2562
2562 548
2922 2562
2562 2019
154 2562
2562 1035
2562 1345
2562 2814
597 2562
2911 2562
2646 2562
2562 2851
1445 2562
892 2562
2833 2562
801 2562
2562 871
2269 2562
2562 2374
2562 1013
1732 2562
2562 2856
1409 2562
2576 2562
1129 2562
2562 1769
2562 2231
2562 1395
2015 2562
2822 2562
1096 2562
618 2562
2562 108
2562 2795
2562 2645
2562 1201
2539 2562
2562 288
1685 2562
2562 2931
57 2562
2562 1946
1581 2562
2562 862
63 2562
350 2562
2562 2568
2755 2562
2562 1145
177 2562
2562 715
2562 1618
2562 822
2562 1521
80 2562
1564 2562
2562 1386
235 2562
2562 2301
390 2562
1132 2562
2562 60
2562 568
2779 2562
330 2562
2468 2562
2562 648
2432 2562
2309 2562
2562 1807
1724 2562
1135 2562
2562 2777
2191 2562
2562 455
276 2562
49 2562
2508 2562
1326 2562
2562 1789
2549 2562
2167 2562
1775 2562
2562 1519
2562 2718
2562 747
2562 2266
2562 982
2562 1912
376 2562
701 2562
2562 1239
1408 2562
2612 2562
2437 2562
2562 940
1599 2562
2562 306
1660 2562
2361 2562
523 2562
2562 1202
2562 152
2562 284
2562 185
2562 392
2562 1195
2562 257
2562 2954
2562 313
2562 1827
2562 2970
2562 817
2562 2356
2960 2562
1111 2562
2562 764
2562 1393
1071 2562
2757 2562
2252 2562
2562 1018
2562 857
2562 54
2562 2059
2196 2562
2562 1676
131 2562
2730 2562
1816 2562
978 2562
2562 984
1896 2562
1100 2562
2632 2562
2562 320
1274 2562
2562 2895
1266 2562
2562 1640
2562 2242
1440 2562
2562 923
2562 230
2562 1517
2562 1455
2562 2660
1200 2562
1562 2562
1924 2562
564 2562
971 2562
2962 2562
2865 2562
25 2562
872 2562
2051 2562
2384 2562
2900 2562
1864 2562
1954 2562
123 2562
2562 562
2562 144
2562 1246
2562 1549
1646 2562
1137 2562
280 2562
530 2562
2562 578
2562 2719
1835 2562
2920 2562
2562 1656
718 2562
2562 2855
2562 2470
2562 1531
2562 861
2562 1652
2562 645
2562 441
710 2562
213 2562
1948 2562
1173 2562
2680 2562
2205 2562
2021 2562
2562 1046
2562 1158
2562 342
2562 2597
348 2562
1123 2562
2489 2562
774 2562
2562 828
1675 2562
864 2562
2562 1855
2562 324
627 2562
2194 2562
2940 2562
2562 1872
2562 1664
848 2562
2562 532
539 2562
2562 1605
1405 2562
2562 362
1410 2562
2562 405
2562 967
2562 1962
2455 2562
2562 305
8 2562
2562 2617
2562 603
1989 2562
2562 2580
2562 2824
1653 2562
2562 2133
2562 35
2562 1002
582 2562
52 2562
1846 2562
2562 2024
609 2562
2562 484
1228 2562
2562 1682
1767 2562
572 2562
2562 853
2092 2562
2562 767
2890 2562
2562 1390
1533 2562
11 2562
2562 2262
1561 2562
2562 2953
1687 2562
2562 633
2562 1634
1337 2562
2288 2562
2562 821
2562 2951
2562 359
2913 2562
1027 2562
2562 307
464 2562
2562 2706
1678 2562
2562 1790
2562 2
2562 135
2562 1109
1068 2562
2562 1971
2562 2842
2562 2322
2562 2765
2562 1763
2562 847
2562 685
740 2562
775 2562
2562 2476
2947 2562
2562 1834
2562 2088
1154 2562
2562 363
155 2562
2562 2665
906 2562
1927 2562
2562 2500
207 2562
453 2562
312 2562
2562 2399
2562 1684
2562 1287
2562 12
2562 371
2562 1712
2562 221
2562 137
2079 2562
2562 2740
2335 2562
2562 932
2562 1914
2562 2155
2562 673
1798 2562
1996 2562
743 2562
806 2562
2562 1759
2562 1139
2562 2176
2562 2130
2562 2091
2802 2562
931 2562
208 2562
2562 2901
2562 1547
2562 2715
2562 234
2562 88
191 2562
2562 2131
2562 1471
2562 1330
2496 2562
2193 2562
2211 2562
66 2562
2562 1209
2562 169
2562 2052
50 2562
2562 2102
212 2562
1259 2562
2562 2124
2562 616
461 2562
2562 2910
1188 2562
2562 1446
2848 2562
2562 1871
2956 2562
2562 1227
2366 2562
2562 193
2562 519
772 2562
1142 2562
2106 2562
1523 2562
64 2562
2562 1392
141 2562
2562 1768
2198 2562
2562 2002
2566 2562
527 2562
2562 126
1966 2562
2562 1860
1177 2562
1624 2562
2562 1147
200 2562
2562 418
2562 1336
930 2562
1820 2562
1856 2562
960 2562
53 2562
2134 2562
783 2562
2562 1016
2729 2562
2562 693
2562 377
2562 2210
2562 840
2990 2562
2103 2562
1048 2562
1749 2562
421 2562
1327 2562
2562 1363
1883 2562
2562 1193
2690 2562
860 2562
2247 2562
2151 2562
2562 1725
2562 975
2562 253
2562 2208
2562 2631
1606 2562
2562 1006
2562 2164
2562 2007
2562 1937
2562 601
2562 2270
1778 2562
2562 647
2562 1812
2562 724
210 2562
2562 2160
2562 315
2562 1431
2287 2562
2562 2074
483 2562
1832 2562
2562 262
2562 1791
1903 2562
2562 1980
2562 1223
1030 2562
2562 1420
1657 2562
2796 2562
2562 612
2562 2486
2562 1280
2562 812
2562 1155
2562 287
2562 1970
1361 2562
2562 2522
941 2562
2551 2562
2073 2562
2562 4
2405 2562
2562 2329
2562 2129
2562 1254
2562 442
2562 887
1911 2562
1499 2562
1497 2562
2562 2258
2562 2022
373 2562
2562 2138
2562 3
2562 2163
2572 2562
2562 986
2562 2917
111 2562
2562 1339
1735 2562
2980 2562
2562 1633
2562 104
242 2562
2469 2562
2562 1667
2562 540
2562 2057
2100 2562
1689 2562
2741 2562
2754 2562
2562 809
2562 1003
2562 2375
2562 454
344 2562
2562 1359
2562 1504
2562 1182
1528 2562
2214 2562
2804 2562
2562 2325
1047 2562
2562 1852
2562 1183
2562 2277
1281 2562
199 2562
2562 353
2562 2626
2327 2562
1976 2562
44 2562
2068 2562
2071 2562
2562 2379
2562 742
2562 2357
517 2562
652 2562
1603 2562
2562 2047
2562 850
2562 2586
2562 2978
2562 1092
2996 2562
2562 1461
2620 2562
339 2562
331 2562
2768 2562
2562 2509
2562 1086
82 2562
2411 2562
2562 2793
2562 2381
2562 2877
1928 2562
2562 2382
763 2562
2562 2697
1882 2562
1516 2562
2562 2627
2761 2562
2562 2585
2562 2383
2562 462
2562 757
274 2562
2592 2562
2562 746
2771 2562
2562 1419
2562 463
2004 2562
2562 1151
1617 2562
2482 2562
1994 2562
2562 544
2562 613
2860 2562
2654 2562
2562 2090
2562 1620
1908 2562
600 2562
2562 2789
2562 760
2562 1021
1262 2562
2562 1059
2562 707
2562 1910
187 2562
121 2562
2065 2562
1150 2562
1424 2562
2562 1729
2562 2003
2562 2010
2562 676
2819 2562
2562 1849
236 2562
294 2562
2027 2562
671 2562
1064 2562
2562 2878
2600 2562
2562 956
2753 2562
2562 2702
2562 571
2562 1942
795 2562
802 2562
528 2562
329 2562
2562 1556
2562 2487
814 2562
1396 2562
2562 1374
2562 1513
1658 2562
1076 2562
13 2562
2562 805
474 2562
2562 301
2562 702
2562 1650
2562 1770
2562 1082
2562 345
2562 1387
2562 240
1873 2562
2894 2562
1347 2562
2562 852
2743 2562
2831 2562
2562 1258
2562 1916
75 2562
2342 2562
2562 1706
451 2562
2562 2839
2562 2540
712 2562
2121 2562
97 2562
2542 2562
2200 2562
1758 2562
2562 239
2562 2825
2562 1891
2268 2562
2857 2562
1921 2562
1539 2562
2562 623
2562 1711
2562 1238
2562 813
2562 1573
2562 1545
2562 68
1298 2562
2562 1194
2633 2562
2562 1032
2764 2562
2562 2315
2562 1310
2562 246
1680 2562
2511 2562
2693 2562
2562 807
2409 2562
2562 83
2562 1596
2053 2562
1939 2562
2562 1950
2562 997
1858 2562
2562 2095
2562 419
933 2562
2562 2346
855 2562
2562 2035
2562 2195
2562 2434
2562 2250
717 2562
2562 2997
2562 267
2562 2369
2562 2709
2562 2552
583 2562
2562 310
2736 2562
1941 2562
553 2562
2562 61
2562 944
2562 2029
2527 2562
2562 1555
1550 2562
2562 1669
354 2562
2979 2562
2562 1841
2562 1095
2481 2562
2562 388
2562 1489
445 2562
443 2562
2562 1349
2562 1786
2562 33
2689 2562
2562 678
901 2562
2562 1362
1161 2562
2562 1098
349 2562
1638 2562
2828 2562
2562 101
2562 1750
2562 2358
2562 2622
2562 537
2213 2562
2835 2562
2562 2362
2562 1905
2562 2406
252 2562
1153 2562
2562 1828
2562 2587
2389 2562
370 2562
45 2562
2230 2562
2562 2810
2562 2569
2591 2562
9 2562
2562 1214
1801 2562
1116 2562
395 2562
2562 2417
2013 2562
1953 2562
824 2562
1114 2562
1811 2562
1169 2562
2562 2579
2562 1400
2562 2282
2274 2562
2562 2494
2873 2562
2562 1279
2562 905
2113 2562
2658 2562
1476 2562
2042 2562
2562 2816
2562 1272
2562 1993
1490 2562
2562 2792
2866 2562
2562 2703
2562 787
2562 2601
2562 1094
961 2562
2562 581
2562 2583
347 2562
1156 2562
2562 1170
2562 556
2562 1297
2386 2562
2562 150
2562 1529
2562 336
1062 2562
127 2562
2562 674
2562 2303
2562 244
166 2562
2562 487
2562 6
1747 2562
1269 2562
2562 662
2297 2562
2562 1693
2544 2562
2562 1782
389 2562
2562 1698
1178 2562
2562 1067
1233 2562
2562 866
2562 592
2562 491
404 2562
2562 1253
1887 2562
2638 2562
2562 1391
2118 2562
27 2562
2279 2562
2562 1321
1384 2562
2562 2140
2562 642
2562 2610
2108 2562
1861 2562
2562 1787
2562 2265
2459 2562
1065 2562
1372 2562
2562 2414
2562 830
2562 1181
2562 146
909 2562
409 2562
2562 228
2323 2562
2916 2562
2498 2562
2562 1034
2562 179
2562 902
1176 2562
2562 762
282 2562
758 2562
459 2562
2760 2562
2562 333
596 2562
1907 2562
2562 1986
2562 1851
868 2562
2562 124
2562 518
2562 2609
2562 2337
2562 91
2562 1250
521 2562
2562 1267
256 2562
2562 2429
2999 2562
1365 2562
2562 816
1586 2562
2562 2044
268 2562
2938 2562
34 2562
2562 2724
2562 1240
2700 2562
364 2562
1127 2562
2562 446
2562 1332
2798 2562
2562 1877
2190 2562
2562 299
2562 2896
2562 2026
2562 1458
2222 2562
630 2562
2562 1348
2562 1825
2562 2507
1084 2562
2986 2562
2228 2562
569 2562
2562 504
247 2562
644 2562
2562 2766
2659 2562
2075 2562
2577 2562
2562 1666
2733 2562
2562 2263
1843 2562
2562 248
1338 2562
2562 979
2562 2062
2562 472
2562 725
2562 716
1179 2562
2562 771
2037 2562
2562 2350
1610 2562
2562 1649
2562 2671
2562 2184
1815 2562
1115 2562
366 2562
401 2562
2562 427
2403 2562
386 2562
2935 2562
1765 2562
2934 2562
2562 1485
2984 2562
2562 93
2376 2562
2562 1180
2562 1863
2562 2687
2562 1542
2562 1174
271 2562
2562 1829
2562 1439
2562 1699
438 2562
510 2562
1672 2562
969 2562
2562 1601
2562 1754
202 2562
2562 1560
2903 2562
2562 1580
2691 2562
2351 2562
2562 951
2562 431
2416 2562
1353 2562
1053 2562
1463 2562
2094 2562
749 2562
626 2562
222 2562
2562 2407
2238 2562
2562 2104
904 2562
2847 2562
1583 2562
385 2562
2562 2672
2562 2594
2219 2562
2562 1289
2562 2780
308 2562
2562 776
2562 1031
2562 391
2562 2673
2562 1965
2562 1710
2562 1595
2562 754
335 2562
598 2562
2562 1414
2562 317
2562 1967
1900 2562
2562 1425
2562 2182
38 2562
1022 2562
1766 2562
2562 574
2562 197
2173 2562
2562 2203
29 2562
2562 1502
2058 2562
2120 2562
133 2562
2562 2939
2751 2562
2012 2562
660 2562
2562 2501
2562 2640
1191 2562
534 2562
2562 924
2752 2562
2562 659
2614 2562
2562 2924
2838 2562
1704 2562
1534 2562
2562 1635
2562 2834
2562 201
2186 2562
2562 2413
2400 2562
2562 1038
161 2562
2562 2220
2562 2571
2562 1894
2562 10
2562 2165
736 2562
1492 2562
2396 2562
507 2562
2629 2562
2562 198
2562 2644
883 2562
2562 2598
2562 1066
1854 2562
2862 2562
2562 1988
2562 1881
2261 2562
1378 2562
1637 2562
503 2562
378 2562
2562 2694
2562 28
2562 2845
2562 1354
2562 114
2562 2957
2562 132
485 2562
2562 555
2562 1557
1001 2562
457 2562
2562 1244
2562 2941
2562 972
2276 2562
1430 2562
1700 2562
2218 2562
278 2562
1819 2562
2495 2562
2562 2404
2562 1554
2562 328
2099 2562
988 2562
2923 2562
1149 2562
2562 2192
1569 2562
425 2562
734 2562
292 2562
1756 2562
2097 2562
2562 2655
2562 1146
2562 1885
2387 2562
2562 1702
2562 1945
2756 2562
1307 2562
1472 2562
2562 100
2562 2801
2562 692
1421 2562
2681 2562
56 2562
2562 2905
2573 2562
2034 2562
858 2562
2562 1803
682 2562
2562 1381
1260 2562
2562 2567
2582 2562
1277 2562
2562 1536
1571 2562
1968 2562
2926 2562
2562 86
876 2562
2562 1102
2562 105
1746 2562
2562 563
2562 729
2928 2562
2773 2562
780 2562
2562 949
1566 2562
2562 469
2562 1726
2562 316
2562 1690
2236 2562
921 2562
870 2562
2881 2562
1136 2562
2562 1264
119 2562
1234 2562
2562 2031
2562 1452
2854 2562
2125 2562
1703 2562
18 2562
2562 2422
2562 929
2562 1507
1398 2562
1335 2562
226 2562
2562 2257
1714 2562
654 2562
2562 2162
1080 2562
2562 1040
1721 2562
2562 1865
2063 2562
2606 2562
1540 2562
2562 836
2359 2562
558 2562
2275 2562
2562 2229
2398 2562
1010 2562
2343 2562
829 2562
1333 2562
2870 2562
788 2562
2248 2562
2562 2300
2562 115
2562 1278
1020 2562
1593 2562
2562 1369
1901 2562
2562 1108
1509 2562
2562 72
2562 2625
2562 672
2562 1487
2562 992
2562 2537
5 2562
2562 2541
2562 2077
2562 1777
1247 2562
2562 325
2562 220
2286 2562
587 2562
2562 2974
2562 1329
417 2562
2713 2562
2562 2716
2562 1103
741 2562
1318 2562
1317 2562
2562 2449
1019 2562
1340 2562
2677 2562
1459 2562
1544 2562
1303 2562
1306 2562
1411 2562
2562 465
2562 1184
686 2562
1541 2562
2562 1524
195 2562
2562 2628
2562 2023
2562 1568
2562 919
2562 2944
107 2562
1511 2562
2562 2083
2562 2699
2562 823
2562 2550
2562 493
1826 2562
2562 1836
2562 889
1981 2562
2562 2742
2562 2921
804 2562
2562 2995
628 2562
891 2562
2641 2562
2988 2562
334 2562
2562 2589
2562 2391
2562 2503
2562 2178
2879 2562
638 2562
2562 1024
2562 128
2562 1358
2562 810
430 2562
1479 2562
1295 2562
2562 2745
2562 1205
1491 2562
1964 2562
273 2562
81 2562
1886 2562
2562 2485
497 2562
547 2562
2562 640
2562 1294
1577 2562
2562 1189
769 2562
2562 1844
2992 2562
2562 2886
2562 2493
2562 1090
407 2562
2072 2562
2562 2909
2561 2562
2562 2166
2562 675
2005 2562
2562 1802
2562 258
635 2562
1898 2562
2562 2678
2235 2562
2562 224
2562 2296
2562 118
1434 2562
2562 2811
2562 2402
874 2562
2562 1959
2562 2919
2562 1060
2670 2562
2562 109
360 2562
2562 863
2562 1512
2562 2887
2562 2464
2562 2440
2562 1481
2520 2562
1225 2562
2562 26
122 2562
669 2562
2562 2143
851 2562
2562 95
429 2562
2562 935
2333 2562
437 2562
1197 2562
2562 759
2562 1276
2562 880
1913 2562
2562 489
2562 1718
2562 1985
525 2562
1402 2562
2562 1741
721 2562
730 2562
2562 1731
976 2562
103 2562
1510 2562
2505 2562
2562 1526
2562 2488
1926 2562
1918 2562
2562 985
343 2562
2153 2562
2562 2420
2562 290
2562 752
2562 1322
2562 621
2562 1301
2292 2562
1956 2562
1992 2562
2562 77
1878 2562
245 2562
2344 2562
2562 2215
2136 2562
2562 238
831 2562
2562 96
2562 538
2562 1611
2669 2562
939 2562
2039 2562
2562 2850
2562 285
604 2562
2636 2562
536 2562
1570 2562
275 2562
2110 2562
2562 1469
2204 2562
2562 2462
2914 2562
2562 1748
2562 977
1686 2562
2562 1626
1527 2562
2562 1270
2562 993
2562 622
134 2562
2502 2562
2562 1839
2336 2562
2562 796
2562 171
2562 1428
1141 2562
2562 2649
1665 2562
2562 2472
2562 719
2562 792
2562 786
1160 2562
2562 163
2621 2562
2562 365
367 2562
403 2562
2390 2562
2562 116
2562 2971
2562 2531
1119 2562
206 2562
1187 2562
2562 2543
162 2562
873 2562
2562 479
506 2562
2562 205
2562 2532
2562 781
502 2562
2562 1422
2562 2444
1804 2562
2562 22
2562 2843
629 2562
2562 2188
