1
3000 1000000000 144444633 10
626 1682
2295 8
2153 308
2543 744
1234 41
1328 2622
2728 2788
2057 2834
378 2350
1675 2811
2834 2604
2580 470
699 591
2828 200
1982 1087
2572 1430
463 1610
1168 911
2377 12
1839 1121
815 2117
2591 2644
1935 2874
1733 1515
1019 2773
1926 276
913 1648
2106 2003
2245 1160
2674 218
2246 1916
1899 1298
480 2707
2820 1945
2443 1447
2216 929
985 2960
160 410
2834 2013
51 429
1663 1097
2321 45
2834 52
2786 2834
287 2709
668 858
593 1434
1336 1957
2834 216
2184 1365
698 2177
1726 6
151 2120
2196 2834
319 627
420 286
2678 2341
2834 1707
2238 2795
692 2383
919 226
1503 2488
2834 458
878 2992
2834 1202
2831 2834
973 1021
782 772
1603 681
1449 2096
2082 1292
2834 2792
995 1343
1732 2027
2856 2653
2412 1641
1538 6
2834 2806
878 69
1100 2834
221 2599
1170 2477
720 925
1663 1176
1081 1924
2325 2834
1911 499
415 2259
1002 2023
1677 2064
94 2391
1144 1014
838 256
1549 2834
2834 2272
328 586
2268 1206
1855 1999
2838 451
2558 989
2197 924
1755 962
1014 2074
1055 2453
1203 2631
6 926
1576 28
2834 839
2080 64
371 2971
953 567
265 976
2834 183
1088 64
1231 2156
1046 2805
2069 2117
2463 2270
67 618
2223 1565
2834 697
1475 122
2834 1708
669 1779
453 2834
293 619
330 2676
1483 2834
1770 2834
2603 2445
1571 1037
815 339
1689 2275
2824 2425
1309 2834
396 292
1213 2834
487 756
1189 2160
2240 1721
692 508
2062 1104
1262 1182
880 1397
335 1949
2593 1096
2489 1579
1301 927
2834 1335
167 2710
1177 2781
1938 1783
2205 415
644 554
2834 195
2983 822
1259 349
2834 1972
2313 234
2092 1010
2512 2352
2516 281
2875 2185
309 2255
1765 1567
1304 985
2247 1619
889 1939
426 1435
1201 392
954 325
1180 2699
155 1180
270 675
1413 1189
1858 2291
2316 240
736 588
2884 2834
1717 2967
391 2834
1439 635
1093 204
745 105
1423 2534
1436 2340
1660 995
528 633
2046 2689
401 476
1756 2859
1258 133
1549 231
1705 1427
2002 1773
1664 929
925 2487
2834 417
1777 1438
1038 2857
1462 2834
1368 2834
2834 1556
857 2397
597 1859
1085 1609
2337 1218
394 938
2954 1779
1521 1014
1839 2698
2175 2463
734 451
1992 318
1140 1006
749 2154
2392 2779
2715 1614
942 589
2025 2914
2837 1492
2597 2387
1563 1481
2813 1333
2834 2797
2784 813
158 2685
977 2257
1709 189
2707 2974
1679 2350
931 848
20 363
2132 2954
2359 535
1599 2772
2681 2646
2834 468
1777 1108
317 2465
2261 2409
1673 223
1031 857
768 2505
2228 1999
1084 2834
288 1369
359 2834
2834 1547
168 407
257 2251
1649 2256
1846 2233
1204 876
2587 352
2044 52
1008 2834
1508 21
2834 2470
1307 2899
1745 228
1252 136
752 1441
1917 1480
2107 1540
1127 1204
1601 2480
137 2720
2554 2918
2834 1661
232 2017
2869 2155
2834 491
1066 1574
1624 2608
2834 340
868 1624
1232 736
1198 2380
2081 2998
181 2093
353 2644
2128 762
2492 2834
2318 2148
912 762
1625 2898
82 2359
1444 1529
2773 2863
2832 520
2288 254
2271 2267
1388 998
2974 2648
813 2834
1506 1790
1405 2326
313 126
289 2133
2190 2770
1413 1453
1410 2177
809 50
912 377
2958 1282
1860 2047
943 2808
605 1804
1066 672
2850 2315
2834 2336
2999 1459
1789 1498
1293 2834
2834 2851
629 2009
2862 1185
204 202
2195 1576
441 2319
2819 2994
1579 1750
1900 613
2231 1053
2793 1611
2032 2828
146 2834
707 1128
1148 2352
302 2172
2342 2286
1780 1169
1613 2834
1954 2710
1186 325
906 2834
1762 355
651 89
344 1745
2369 2834
189 124
1932 2006
1132 2565
1055 1653
1792 2295
222 2520
810 907
497 279
325 77
1273 1009
470 162
2053 2969
485 1920
2979 1639
671 2834
117 2834
830 2119
322 2515
2236 215
2334 2468
2814 2834
2070 99
836 337
2834 248
752 2591
2304 2834
2880 593
2275 983
1508 2837
1389 454
1192 1259
2834 2755
1545 1513
2834 176
392 2383
2323 1016
1069 643
2834 526
1662 1984
2488 1026
916 1806
2482 2412
2834 1452
2139 1921
1759 1416
1636 2819
2834 814
1178 2397
2114 1259
2134 1269
2522 1868
1586 180
2163 39
2278 1623
1092 1361
194 2834
358 1911
2312 261
537 551
2181 2160
1686 1794
2834 191
1790 2218
2686 1760
1729 196
1493 88
2777 1763
2834 758
2490 1400
2656 2654
384 1006
2834 780
700 922
2659 2834
2834 512
1752 2978
1420 2834
2251 897
351 2847
708 2834
1918 1160
275 255
2834 430
22 988
955 453
2834 1019
768 2834
1343 2135
754 260
197 2936
2310 1690
2834 1240
2823 2109
518 904
322 1854
1710 2834
2834 531
422 1977
45 2424
584 2077
834 1308
88 1102
1786 2827
2834 2414
2264 1706
2052 2834
2555 2834
2297 1172
2706 1439
373 2366
2664 1058
1998 739
1086 1293
1595 2750
334 2616
2914 1451
1869 2035
2129 2087
1056 602
471 1313
2468 940
1062 1468
2446 366
1252 1823
1294 748
2384 1383
1509 1112
1401 1998
765 2834
389 1879
2304 2668
1230 2349
755 83
1536 2834
1426 772
646 164
1221 2200
2177 93
2150 1108
635 2513
1078 714
1803 776
1339 608
595 1179
2941 1359
866 1161
2029 2584
2834 779
642 2616
2834 548
2533 2381
866 2726
230 2083
888 2000
2834 1411
971 2072
2834 2180
488 1597
2468 1239
813 585
405 2834
2709 801
1463 1633
2826 2070
2817 2826
2063 1609
1962 2224
1795 843
2834 1284
1475 1999
1378 733
2801 2856
1168 776
2834 1349
1581 616
1078 204
786 1362
2619 1626
708 297
2834 723
2571 705
536 2769
1981 2910
276 1374
685 2783
269 1263
1730 2385
2039 1871
1051 347
1349 2778
2968 2029
2778 2531
1304 1136
1059 2890
900 2197
1507 2034
1150 617
953 1977
2420 348
298 1800
2956 726
966 16
2859 2617
2834 1130
539 2672
1521 728
1433 2573
1320 2624
203 1739
656 2834
2276 1547
1966 242
247 2923
2715 79
447 285
2732 469
533 1789
2781 1467
2541 2794
251 2296
429 2535
2001 744
15 1678
2371 2755
275 1548
1526 2326
2301 2005
2220 312
1215 775
1408 1836
1121 2535
1174 2834
794 2834
348 59
2330 1714
1954 2841
2818 1531
678 2834
195 1520
2926 2410
1947 2412
2034 462
2834 2055
1747 374
532 2207
1787 1508
663 598
1373 1099
187 1093
1541 2978
2834 1250
2834 800
2834 2158
2944 2953
2834 965
1787 1440
1169 2645
2355 423
42 2990
2010 2834
425 1017
2896 123
607 1340
524 710
1850 2879
2028 1521
2090 796
2976 2372
210 232
266 2017
881 1991
2834 331
1798 258
2834 1834
1712 721
2521 1804
841 1881
2539 2834
2834 1742
1215 2557
366 598
96 229
1560 1440
2659 65
1741 1142
964 2148
2016 818
2544 1148
2101 2467
952 1217
821 621
1550 839
2563 1839
1042 573
1047 2273
1758 1439
2391 834
583 2811
2690 1555
730 2834
1889 826
2881 1130
773 1950
1305 1934
1268 2834
826 17
2834 2029
2853 2639
1638 1416
1640 2322
2313 401
1901 2196
1772 1264
580 1355
2181 1052
356 454
85 873
1480 2685
2838 886
1377 2959
1294 176
2834 503
1081 2998
2885 1928
2839 178
1819 2792
317 471
1472 703
2764 2300
2088 118
1936 2644
1049 1328
2084 2834
2865 828
884 2508
1426 2995
1463 2955
709 2618
1631 1938
2834 2399
490 2550
2834 79
2680 810
476 2610
1343 2680
2239 1992
476 267
1032 1901
1632 2673
2834 1868
1171 2834
1856 754
1996 631
2458 2274
2059 2026
246 1123
2936 2808
403 1105
2768 186
986 2834
1341 995
2507 2437
586 2834
1844 2834
980 1768
2209 1397
460 1386
408 2582
1436 258
1739 1737
2834 1190
945 2585
336 2834
250 2802
1673 2167
304 1221
2593 1002
2834 2459
2202 2694
2834 1448
1843 490
2552 33
2142 790
2662 762
363 2867
150 1068
2834 1415
39 1167
1395 1471
239 2951
1942 2685
951 2331
827 2162
2133 2834
243 1591
243 2980
1092 2234
2834 190
1102 508
93 2834
1487 1706
2188 1564
2834 2782
2886 43
2002 1543
417 1534
789 2834
2856 1372
81 2834
739 2834
167 2425
1666 376
2760 1004
2340 545
1703 1723
1975 1273
279 718
989 144
2765 2041
1363 774
1118 1540
943 2495
895 2834
1229 1579
860 72
1137 544
1695 1842
1530 2911
73 1065
1414 2233
2670 1830
1794 2834
244 1796
2238 584
2223 2891
224 2834
1224 184
1984 1330
1938 1786
2873 171
671 529
2138 2462
372 758
593 2568
1430 2130
2291 253
1992 2697
340 1063
2199 2643
1356 2020
569 2834
2623 2834
1326 1551
2834 574
1290 895
2372 322
1309 1934
1573 511
2834 1848
2244 1491
2921 2593
1707 1141
1768 313
2834 1037
654 2102
2834 774
2898 2956
2500 1664
551 2980
937 469
2947 1230
541 2532
1211 1389
2405 87
2376 2734
1777 2629
2834 1713
2879 2826
528 1941
1915 546
2834 1109
1056 1599
1907 1321
1398 2346
2834 1944
1898 511
682 1454
2483 29
1238 1117
1081 1017
1119 152
2738 1167
286 2390
2834 2223
2665 208
2599 1269
1656 1373
380 2936
2362 562
2141 1373
2731 416
1115 648
2441 2519
149 2834
1660 1838
447 2034
1107 2198
2834 241
2834 1644
1299 359
351 126
145 1104
2977 2146
2834 2443
1530 2834
2343 129
1432 1023
2834 2842
2394 2348
1609 1291
2014 1913
45 1166
729 1853
683 951
508 1699
2834 339
1527 1234
2701 1409
1478 2834
3000 959
391 2626
1406 2121
1044 2112
253 14
2834 2475
2097 754
945 557
2747 2834
2237 59
1175 772
1763 2983
1852 1083
437 2507
2005 2189
1251 310
2834 582
144 2665
2602 1406
1234 2752
333 2834
325 968
1948 2503
1874 1390
1239 576
1307 2258
2973 1947
2834 2408
1702 2350
1885 999
2109 1525
2200 1977
961 2602
2998 157
2815 2435
369 1810
2982 2834
1891 1196
2834 1128
2619 2432
1318 1372
1445 2834
1380 41
2834 2316
590 2834
1698 2244
2721 1702
2419 502
2253 1847
1838 851
476 2771
2834 1933
2834 326
1908 1385
611 2834
2885 1175
1687 2834
661 1364
2159 2183
796 1322
2834 1463
2657 1126
2018 2834
1235 2834
2365 1067
2670 2834
2356 728
2453 2834
1006 207
457 2282
2620 2333
915 199
381 1242
2965 1313
2834 2197
174 87
942 2746
2072 940
195 188
1155 288
788 1798
827 1712
2498 2834
2834 659
1588 2201
791 343
1634 1569
616 788
2813 2834
409 2657
1782 2834
2396 2587
1843 867
2834 2815
1137 2387
296 688
2834 1724
2834 461
2287 193
985 2220
1693 339
759 2834
1297 242
130 2639
1071 1528
413 1156
2834 2115
2609 2834
222 2886
2829 1308
801 1585
1069 456
1957 797
715 2716
2035 608
102 973
1749 2834
2020 2251
1562 1134
530 58
1979 597
2834 2193
2834 2803
2169 596
2545 1619
1324 1408
1612 2910
2834 1722
1342 386
1178 934
2221 639
594 2834
2790 2861
1397 316
1576 332
2902 1717
645 2278
2998 1372
2174 2109
559 1175
2513 1503
569 78
1825 2834
2834 979
2707 173
2457 2897
2399 1277
960 461
1982 1025
1610 2438
2113 571
802 2131
421 1436
2340 2744
2180 890
182 1493
1118 934
2711 2222
1052 1962
15 494
2834 805
2834 1832
2157 1163
2469 2314
1209 869
2834 465
2392 930
1080 1078
912 2185
483 1863
1880 378
1588 253
2169 1654
2850 2487
168 1775
350 2444
2039 1223
690 1211
2390 860
176 97
662 2648
877 2504
2395 2072
595 265
2386 2834
1593 2516
1951 1351
778 397
34 1948
1876 1969
2344 2293
1404 68
2564 1866
2051 473
2833 12
2687 2834
2312 1434
542 2727
30 327
159 1711
1544 1576
2241 495
1592 1783
346 241
1120 946
2834 2421
1513 2854
1469 2525
903 2143
652 2146
1809 1949
620 2645
2130 1922
444 2834
1253 2834
148 1630
2418 1764
2247 1187
259 2737
192 1744
2834 1757
2049 2058
427 2420
2575 550
2035 229
522 412
2742 2846
1412 1125
2060 1371
828 2046
637 97
1932 1134
1347 799
947 992
2381 2828
1485 1853
1427 1169
2834 2858
2015 67
2612 1484
2756 2834
1434 1603
843 283
2834 1407
761 2974
416 2834
237 1182
1803 1002
1764 2172
2834 743
864 2755
410 1034
982 636
1330 2493
175 138
16 1712
2834 1209
1003 945
261 2716
2834 2140
2720 400
2834 1885
2967 2168
2834 1904
2834 161
2275 1543
2834 382
712 812
592 799
92 831
438 1991
1661 219
1820 296
1700 2476
1892 2224
954 1031
1137 2834
424 1837
1776 877
165 1990
2695 1130
31 63
1840 867
1202 1122
2834 13
421 1937
2834 1203
281 1283
1091 2834
2709 2949
1460 2834
564 882
578 495
1519 1963
1700 2244
1760 2926
1539 1808
74 2834
2532 485
2762 1789
2645 2094
1701 2913
2834 546
2834 2016
2705 2834
2834 769
1370 1143
1505 222
568 590
2834 1681
2845 799
949 2834
2278 1228
2834 2521
114 1523
868 823
2538 2933
680 107
217 2733
1731 1294
1994 678
78 2079
1067 2834
2916 2314
978 2351
812 2045
2428 2527
276 1810
196 1805
793 1210
484 2374
761 2452
1275 2835
1599 2108
2586 32
2449 771
2973 263
2834 206
88 2590
71 2007
832 958
423 2093
1697 504
27 1094
1903 2619
1382 2992
2835 1983
688 1652
2827 1385
1597 1388
2108 2419
435 771
1826 38
1439 581
1703 236
2549 319
2817 1387
867 1906
2 1072
381 2191
927 3
745 1384
91 2834
143 2665
1421 1220
2834 2087
391 1138
2178 972
2834 1041
994 2095
794 2242
870 2885
2031 2837
1431 1715
1849 49
1746 1779
205 2834
232 2800
2834 1312
2799 2473
2834 1327
2543 1650
2226 1107
2983 812
1184 2929
1579 2062
635 2118
2834 2948
116 216
1781 872
895 2961
1583 124
1596 2328
2834 2868
466 2741
111 1320
76 2085
1854 2681
658 952
1875 2061
679 2339
76 1473
2349 2149
2834 899
2024 1408
1366 1075
627 236
2834 2484
32 2857
2048 2682
2339 2845
625 2459
1139 2594
1057 2834
566 2106
174 653
1354 2976
1546 341
2919 2834
1632 2834
1900 2834
914 1733
1707 1577
1556 751
1089 2834
189 1886
2108 653
2907 787
677 2957
2652 230
1466 408
1522 16
18 1702
493 1729
1270 1621
2000 2798
1166 816
1289 1071
1642 123
2047 1115
2190 2454
2834 2155
1450 2834
1009 1129
2430 2995
2735 1563
1485 2425
2292 675
2567 2834
2945 2436
1596 472
2200 2897
2740 704
1970 1855
781 453
1121 1676
1618 1005
2834 354
1685 885
2834 884
1236 2834
601 2834
891 1566
771 108
2335 1244
2185 1735
858 731
1516 1640
1628 2123
175 2225
2872 783
2947 1624
2446 2138
1559 119
2834 104
2266 2152
993 1821
2645 2145
2693 721
2637 2834
140 1712
1736 1471
2125 2509
2439 1015
1259 2700
1345 256
570 233
570 2814
929 1768
2834 2502
117 1790
2834 172
2373 2264
2992 2601
2090 1144
1169 2030
2780 1070
220 2727
1816 2834
1296 2834
1685 2888
1350 1466
1435 1276
1184 820
1900 1575
1548 627
63 2994
1508 2302
2834 836
1372 1098
834 271
2243 304
419 978
2834 1761
657 1673
2776 2999
2035 992
1254 776
1350 2385
2834 1694
2620 2547
2973 288
722 2834
2898 2625
2834 649
2834 2621
1914 1526
1734 2087
685 517
2491 4
1056 1392
494 2834
1042 274
1224 2834
2093 2937
607 2569
770 2834
1588 1696
2430 549
691 1389
32 855
1282 579
552 2046
760 1553
1917 1709
1665 2390
1196 2012
1116 771
1455 2823
1000 2167
2147 1356
528 894
2535 1210
1610 1023
1340 2834
2834 454
875 1050
2834 132
2548 2124
2121 2269
771 1073
2834 2583
1688 2446
643 1061
2905 1808
2537 546
1833 957
808 664
979 2324
1526 2040
2834 2486
2081 2208
2834 1931
704 1800
479 2834
2934 2904
1686 2086
669 280
221 958
2020 2056
867 519
366 357
224 154
8 2834
906 2172
1569 1376
634 61
111 1946
2796 2364
908 2270
2638 2834
483 1395
1131 2408
2713 771
2834 2981
2920 1448
2460 2834
2669 283
2342 1165
2246 121
1853 1354
2834 2734
819 813
87 783
2834 449
2834 2636
1060 2834
917 2363
2345 421
36 495
121 2624
896 2031
2468 29
2834 1588
1904 2400
1912 1752
2620 295
133 1135
2503 1980
1745 1805
2944 2834
994 2963
146 1958
2374 2600
2121 603
1643 2420
1082 2717
1919 1673
2834 2038
579 1830
209 2054
351 2434
1776 1074
2834 2517
1604 1280
2249 548
2399 418
931 500
2823 1360
1568 1943
2528 2628
2549 1579
2834 2099
530 2834
1160 2834
1590 2834
1547 1095
1048 475
380 860
388 2834
2540 2319
1273 150
1757 2092
1907 1391
2654 2553
990 295
153 2043
2658 1073
2284 2415
489 1818
1936 2736
249 2942
2067 2834
485 2834
144 2041
341 1159
2007 2286
153 489
1061 905
1543 939
1959 10
2012 2834
459 2834
2556 2834
1129 1070
2834 1513
2402 2006
760 36
2578 1162
909 1498
1089 717
2763 2652
1381 1805
1384 2834
2284 2199
777 783
1800 2834
554 2834
726 1425
2378 2641
2834 2318
362 439
2917 2908
368 2834
2198 385
126 40
1704 1482
2633 375
2330 2834
2915 2261
2834 129
470 2818
2206 713
1110 2316
138 909
1443 386
2941 1997
2650 975
1398 1667
2834 2694
2938 6
1927 1504
2932 795
2257 2081
2760 1896
2122 1489
2834 217
605 854
2182 1974
2433 2834
2843 2597
555 1557
1542 405
666 208
2074 1658
84 1600
1208 938
1085 1602
367 847
1909 2315
130 1028
1351 2834
2904 2834
2834 1651
2679 2620
2514 2592
1694 540
1363 1249
2834 334
2828 2228
2852 2922
2178 1484
823 2034
2369 2635
2834 53
987 267
740 2926
2554 1974
1467 2142
646 2834
1815 2896
2490 1295
2784 991
2297 2834
1094 938
901 917
952 2000
2834 1551
2070 1166
2834 2315
2577 2259
1502 566
1154 1957
2883 1789
1181 1147
221 212
1445 62
1035 984
2834 1604
2951 48
2834 38
1186 260
1668 2834
1442 2351
1049 1956
293 2573
556 2009
1457 1325
233 1278
1212 2834
1651 2427
2447 1482
1874 63
563 2628
498 2238
2202 1437
2834 944
1903 1913
670 2834
2587 2924
2033 1425
5 2825
2390 165
771 981
296 492
1720 1775
1651 1164
1242 1007
2834 393
60 235
2834 305
1936 2960
2730 2878
120 26
1736 1723
123 2416
1117 278
9 834
1666 566
2123 2561
229 2091
2834 2945
141 788
2463 1701
836 2642
2834 95
2359 1543
35 1733
625 1146
1663 2972
2834 481
2834 689
2006 468
455 1258
1884 1456
2834 2579
324 66
351 811
1068 1076
398 2031
318 2061
2834 2871
2490 1204
702 1991
341 950
1537 1756
2532 1157
11 354
826 2103
2834 142
2401 1398
1185 2504
227 2940
904 2382
597 2252
2146 1518
1773 222
1584 1986
2950 2004
1217 1396
2894 2834
1542 2767
807 1002
528 2440
443 747
1798 856
1162 5
27 695
2201 676
1985 2054
358 2019
582 1899
2724 147
945 810
2844 2502
950 675
2834 399
2065 521
1335 355
1165 2866
930 2739
101 1414
2026 1837
1644 2282
104 1043
1489 1444
1099 1884
1813 46
2986 2439
2968 113
2834 177
1482 2795
1012 1169
914 303
1910 685
1597 315
2834 2526
2286 852
2530 542
247 1354
1180 1529
2759 833
523 572
1339 889
1598 16
758 747
2985 2687
1672 2439
2290 2834
433 2834
2834 824
1627 1057
738 826
1114 484
2256 1409
2963 2834
1047 1727
2283 2556
1085 2711
1231 1832
2602 640
2883 2769
2094 2887
442 1745
633 187
1841 1645
2058 2834
731 686
885 777
265 1156
306 1296
2834 44
1772 1330
2494 2834
1302 2834
2834 477
735 1844
2834 1894
1306 456
1150 2834
1394 734
234 2859
2933 2834
2098 1913
1352 2477
47 2834
1115 2822
481 2748
1155 1418
2681 75
1252 1316
1811 2834
2689 1893
24 1309
1763 1416
1345 1859
480 2060
1088 133
2312 1286
2380 2065
2834 2870
1883 1177
19 2834
2423 2834
719 1280
1193 2834
1916 2233
861 1680
88 2393
36 1331
307 61
2852 1191
1494 1808
2368 1291
2636 2729
2298 594
2542 808
2834 727
2235 1069
2261 811
1718 2161
2296 2834
1027 2384
1457 2314
2397 1070
940 1348
516 2834
2834 1902
590 1399
953 1814
2108 311
1603 1519
2834 2613
776 2855
2389 2111
2613 2754
1903 1791
1842 2485
1620 2986
2309 2662
574 1964
1654 2335
253 587
2442 41
508 1765
1544 888
2834 264
135 2834
1596 763
1233 2826
813 875
2595 2834
1121 179
2834 162
2126 2834
2386 2110
2008 2834
917 1755
115 1424
2077 487
2444 1841
1347 1884
2834 804
2603 1528
2698 2431
2900 808
1484 2834
2022 46
1219 1485
1255 2834
2598 275
2389 2745
481 2651
2327 1305
874 2879
1702 1385
1877 642
1246 1999
2348 1771
341 1533
2835 2620
1739 2834
190 2882
1226 1901
1808 2366
2625 615
2586 2005
1334 2303
1835 778
1212 2011
2581 992
600 371
2834 2358
2803 2807
1625 1358
169 593
383 2834
2834 2441
2834 1079
2046 2292
440 2834
1766 2486
2854 20
1729 2551
323 487
1667 2834
2944 650
2834 1265
2895 549
2834 975
1578 1488
667 174
515 1318
360 2992
2834 1366
2139 2834
2834 632
216 428
18 197
2096 119
1617 2834
2417 935
937 2834
2215 2504
2909 2663
288 280
2892 1984
2666 2903
16 2021
252 2134
1180 2588
1743 1398
2335 2428
2388 1564
2787 2638
898 2834
2785 1312
2307 688
733 1608
2159 1741
2834 798
446 487
2614 1729
438 1493
2382 1013
1592 211
638 346
2384 1785
830 951
2723 283
2834 1807
543 2752
2105 2566
1663 370
2064 2380
1655 2837
2834 243
2235 1864
1821 742
1203 525
2382 2834
1634 2441
299 1321
2028 2991
488 997
336 2925
1543 2198
1942 2277
1430 1719
709 580
1618 2381
73 511
1341 2766
1199 2834
1790 920
1266 2871
2834 699
30 369
2834 245
1685 1647
1465 281
1716 847
1017 2253
1498 2922
2021 1047
467 948
361 1102
2051 2834
2535 1966
1072 414
1872 2834
700 1887
843 775
1744 2526
2264 472
1620 460
1410 622
10 775
2811 2834
1260 2753
2396 303
1793 2421
1477 1262
403 2058
798 379
2834 1183
2265 2148
2988 2493
1873 911
1853 1740
2164 1101
948 2834
2979 2834
64 2269
1852 974
1321 2910
9 2089
1317 1681
345 609
2596 1232
786 2317
1524 1217
1925 931
2246 1955
163 2834
2834 1965
39 914
1295 1751
376 291
112 390
2809 2996
2209 445
12 2834
1978 2356
2542 2887
1905 967
764 2031
2825 2603
2347 1212
1637 1291
235 2834
1216 2834
547 727
2174 269
2124 1968
2511 1874
2854 862
1143 2730
421 1496
2078 2029
2120 1924
1088 1923
711 879
2986 766
844 1061
1287 2161
969 101
287 1596
1817 2840
2613 2311
1493 519
2905 1175
2834 2088
2407 2834
457 1281
1950 1344
1091 2472
2834 1987
679 1984
2834 2481
1442 2294
1554 1390
2652 2468
417 652
249 636
1060 2411
927 2627
829 1563
2834 300
357 892
2161 2834
2992 420
2173 2605
2227 1899
2834 1495
507 2834
2488 415
1549 2187
386 2940
967 2834
2482 358
2235 1454
1229 1474
2834 963
2967 970
293 2137
204 2344
847 1659
2305 945
173 1015
1270 2834
347 1319
1020 1382
1564 436
2461 1829
1863 56
2211 27
2722 37
2549 2997
1024 205
1680 2834
1821 1291
2834 123
1622 678
2719 2834
1846 2524
2834 687
2546 2799
1544 1725
2834 1640
2603 1215
876 1765
2594 2834
1509 1402
2874 2262
1149 1003
2834 2159
2821 2834
2809 2004
2834 1033
1564 2456
412 2478
2622 1929
2927 176
221 2240
2834 1195
2585 2698
2834 2364
715 492
2834 973
2125 2834
2729 1300
923 2252
2769 693
2834 1878
32 2876
1735 344
2284 2834
1913 1616
157 1332
2412 1271
902 2834
2834 1412
1397 139
2834 2300
1700 2834
2232 1720
120 1801
2707 2576
1176 2704
1152 991
2834 1895
1606 1112
1625 2398
1390 139
2834 2474
1514 679
2380 1068
1038 341
2834 367
2834 2691
1158 1984
243 746
1337 2834
2632 458
259 2471
134 150
2544 607
2323 2834
183 916
38 1973
1415 1
588 2507
2829 2059
708 1986
1367 598
2633 1205
2834 1949
2970 658
1419 128
1884 1927
513 155
1617 106
1205 1840
2479 27
978 2799
19 2901
1872 160
1997 2834
1738 2834
1072 1184
255 85
1996 2710
1144 1431
1728 430
2688 1710
177 2113
1812 1359
1842 984
761 2760
577 1727
2891 694
550 2834
538 2834
23 1096
927 658
619 1493
1948 558
1173 2378
2834 2378
758 185
729 1857
2299 2555
1059 1027
2834 701
1912 234
2877 2834
522 2834
1501 1265
2834 1479
958 130
2144 2463
1206 2797
1512 209
1646 138
578 866
2337 2770
1109 674
405 1476
1979 1039
913 2834
1146 238
2874 1486
2403 2253
1458 2455
2040 1755
495 2275
2151 1508
1398 2964
1601 2261
371 205
2338 2859
33 1767
2834 1682
103 1048
2543 2834
1851 2712
415 1496
1090 2249
1594 1008
496 2834
2156 2217
716 1200
846 2665
711 291
1953 2705
1085 2348
156 2554
1347 2398
2118 314
2848 2834
2278 2834
1315 179
2248 1314
1824 2063
2071 2276
344 1774
837 1451
1267 2834
2426 1188
1499 1732
2200 1615
66 2208
2425 2683
2834 2864
2574 1913
794 41
910 1882
2758 2834
2951 2834
1424 2946
1058 284
2619 2015
2838 2834
2045 1778
1315 435
1225 283
928 952
2890 1279
1329 2834
871 2834
1889 171
1692 2707
2834 2728
1610 1218
1221 2306
1453 2142
630 2846
2015 1245
1042 2639
2834 103
2761 1547
764 2004
1101 1563
1148 1930
2834 2076
1599 802
2572 2834
1795 2083
136 2464
2718 2987
2186 1740
2653 1045
1837 2039
2802 1705
2565 2834
2924 1241
1438 2834
2169 2317
2836 1459
321 386
250 1123
775 1365
1025 1601
673 2394
563 482
1419 2671
2210 191
901 136
2834 2928
1182 1753
1981 2914
1924 835
1064 2834
2077 1468
2571 2834
2717 2983
812 757
1732 2834
2624 2162
1464 1631
887 2834
48 2329
1807 560
2879 2880
2834 1408
308 1117
932 83
1950 2082
349 2213
402 1437
1233 2993
2622 1463
265 2834
2703 2912
2267 477
1640 2932
1572 654
532 148
1256 319
127 1218
1842 208
193 681
1862 949
1617 791
2345 448
1454 2610
122 2675
2811 294
2998 2229
2003 389
2834 2909
397 100
2727 558
1123 1509
2935 1549
1417 224
2671 1391
1782 277
2667 2834
222 2938
657 1423
2834 2618
2263 2834
2568 2280
2789 1643
1137 474
1657 1753
2804 2718
2834 651
2834 2907
2834 1754
2834 1867
1747 2220
2167 2062
1325 338
307 2834
86 2410
1786 201
1746 1882
1009 272
55 2267
2834 1897
2834 918
1338 2636
80 2834
741 90
404 1669
1890 1903
1822 2834
2321 2131
2335 2990
2834 1334
2593 9
812 2775
1236 1188
2332 2919
527 1877
2207 2192
1969 768
2618 1194
447 1833
2191 2523
2005 441
851 2574
2382 725
444 131
465 2258
214 1822
1312 2061
2266 2021
2834 2192
2834 1222
2834 1140
2834 387
2834 565
1693 840
2320 633
2253 2075
1945 422
2082 2374
1489 1993
149 2939
1952 797
2356 1517
2660 1123
50 2834
2834 2666
2482 125
522 1490
431 2834
2128 2840
1663 2640
697 330
170 2870
1765 1535
2699 850
2834 1852
1119 761
1871 2849
358 2023
2440 2924
2834 1860
1367 1985
5 930
1709 2956
1025 1078
2563 2100
2057 1106
2834 2830
546 2564
342 2235
936 2834
1295 1747
539 1845
2088 2404
2586 792
1541 2895
599 862
1243 2637
2708 1050
2534 1600
1635 2834
279 2897
1940 1475
1706 83
2976 2417
83 1303
736 1995
2053 1261
2518 2084
2877 365
2834 2068
1997 863
2743 2858
1785 688
2380 1192
1028 2174
1837 389
404 1676
2834 1409
563 837
1123 2525
1685 596
647 2833
1629 549
2176 2899
957 2356
2962 1203
731 2834
167 1691
2685 2429
2053 2834
2929 1791
1034 575
2987 1608
468 1663
2096 1151
2966 2640
1586 1832
2137 70
53 1103
2536 1989
685 821
2450 459
1511 1571
2834 2168
1114 1585
1186 262
2370 254
1248 2834
1465 829
2834 1051
1547 166
794 1827
655 530
2455 2730
2700 1618
2243 1061
2893 394
913 1769
1181 1419
1664 2274
1768 2783
2749 1079
2366 101
2834 845
2514 1004
120 1874
956 485
2834 1182
2163 1851
2834 506
2366 1988
182 1323
2834 2741
2931 2984
2484 753
2834 25
560 2611
1153 2834
2689 2692
750 2249
1788 629
2834 1011
2236 1060
653 2562
2834 1845
942 2834
2471 1407
2834 1257
1784 2115
2959 2799
1828 2257
2950 2066
619 2570
1608 1581
1156 2111
2219 2652
1589 810
1074 1525
2471 883
2283 2714
841 2914
1303 2742
217 1510
2775 756
1066 329
2185 1552
2166 1549
406 2298
2834 54
2834 2790
1697 2507
1264 1435
1557 2834
1393 1060
510 1794
2834 2768
76 2112
2419 2448
2738 1560
2105 658
784 2834
2461 2834
953 276
1144 425
582 2285
2080 1232
799 509
1143 971
1117 2834
2128 136
1440 665
2833 109
2834 208
463 831
2263 1403
2281 2774
83 1799
2699 2800
198 2834
1939 962
1214 460
1242 993
624 801
1895 1967
2834 562
951 2525
2692 664
76 2834
882 2254
2904 2560
340 1272
2819 2119
2690 2834
2348 741
604 36
1165 2561
1860 1587
225 2634
636 1592
1567 706
865 2353
2834 2467
1564 1388
797 759
1357 129
411 2834
2379 1724
2455 2319
806 273
2607 2526
2165 2834
2841 2846
1720 2834
32 1260
2375 1689
1980 680
98 2572
1289 1605
2286 282
1310 2036
2339 1748
1133 206
2259 4
2985 2406
703 2834
2506 95
2834 610
1140 2127
1635 1711
1625 1796
1124 2844
2037 2230
617 2499
992 2444
2834 1313
2649 814
1863 2860
505 2891
1766 2952
2804 256
713 2061
2143 68
948 2501
2834 1500
1607 2834
2773 2654
1470 2834
1111 1993
2834 724
432 2834
2571 110
1488 2834
2496 1121
1232 1466
2834 2361
2217 941
2016 612
2357 1147
2136 2961
929 958
1285 1602
745 362
2834 606
842 1776
2834 1288
959 2834
1185 2179
257 2175
946 2722
623 2174
1857 677
24 2552
1283 107
310 2834
2422 1090
1859 879
1441 1207
1311 1635
2147 2004
2248 2834
364 995
1439 1264
524 1419
2874 2834
943 2906
641 291
865 800
2149 2394
779 1030
1603 1561
260 2212
849 2834
2834 254
1247 2834
2873 1566
628 287
199 2834
1783 2289
732 2769
115 2834
2990 536
1883 1416
2116 173
2589 2178
2043 341
176 1145
301 1697
2834 1889
2536 2834
2782 1870
749 2834
1410 2943
2000 2170
2389 2677
2984 59
921 535
1236 2634
1976 274
825 1530
1708 893
696 2834
122 2835
2081 752
1670 65
2173 2279
1683 2374
897 700
821 478
2834 1849
2630 1071
2068 1971
290 2533
1352 1384
2834 520
1463 395
1701 321
2805 2834
1643 2834
1051 2908
227 2890
1429 2099
1444 695
817 1358
1375 816
2036 310
1036 2746
2017 369
2034 1888
464 698
1423 2462
1219 1029
2750 1033
2203 2834
1574 96
1742 2497
611 514
175 2551
2606 708
1397 2602
2864 226
2834 2657
2360 2055
196 2529
939 684
73 2834
137 1697
2554 588
2192 1197
2848 2793
1437 2816
22 2834
895 1018
46 2834
785 1027
2834 450
1787 2451
681 2260
2834 2231
501 2834
1713 2989
1023 2647
147 1328
1841 1831
1265 2696
2615 837
778 1089
1570 1734
737 2555
2834 1422
458 2684
2834 218
2314 2897
853 2191
239 2367
2096 2834
1169 2839
2834 2042
639 2834
2214 1749
1576 1856
1597 912
938 1442
1001 1848
1925 2834
2702 2132
824 2812
1092 2834
2026 1797
1227 2201
2777 434
2834 2759
2834 872
1459 2834
2834 2073
1465 1058
2834 933
2834 114
2834 1861
1066 1524
2725 199
1558 2138
1605 1097
2334 1200
2504 2190
265 213
1482 2959
859 88
2834 423
2494 1346
1532 2834
2052 2279
2834 1421
2031 803
2889 2075
882 2834
2286 1882
476 1802
345 728
2938 2250
1020 1863
2354 2828
831 2449
601 2678
1364 70
2552 1113
1461 280
2310 2834
2846 946
2685 740
578 2975
553 1999
2304 1865
773 926
132 396
129 1274
824 1619
1065 2194
1497 114
496 268
2413 285
2834 1943
2191 209
2308 1433
2757 2933
1163 2080
112 1983
1356 806
2834 660
2834 2466
2834 1446
2834 1353
996 901
2794 2834
2007 2671
234 1674
1654 1582
1871 1580
2810 2834
2620 495
561 11
1563 661
2297 2104
2281 1272
2124 950
2204 970
2834 1960
2655 2705
1736 2791
2834 1077
1040 1058
2628 2273
104 654
1077 2230
2048 116
2834 2912
820 400
2834 1054
2547 2661
2834 1237
2384 7
249 2514
452 410
133 767
460 2646
435 614
1258 523
68 1585
2974 57
1258 2510
2676 2171
486 2246
542 1962
2930 2842
2834 556
2698 1022
2834 320
396 2751
2834 1671
2834 1961
2834 1684
1428 2402
2255 2834
1379 2610
534 877
2050 985
2559 2834
